0.121543 0.137922 0.0929127 0.0975895 0.153958 0.0251888 0.112767 0.0855815 0.146785 0.0257527 
1.59868e-05 2.03589e-05 3.51513e-05 7.19895e-05 2.16037e-06 0.993864 5.36498e-05 0.000240876 3.85755e-06 0.00569172 
0.143243 0.150538 0.0631252 0.101867 0.102321 0.0657629 0.0670112 0.0804911 0.15256 0.0730799 
0.198551 0.0698295 0.189777 0.170917 0.0843768 0.0141355 0.0844556 0.0789197 0.070905 0.0381338 
0.150897 0.123006 0.101128 0.101359 0.118698 0.0273959 0.139267 0.0806933 0.107561 0.0499938 
0.128434 0.158493 0.107621 0.0596036 0.18561 0.0305728 0.0892755 0.0705921 0.130841 0.0389571 
0.097394 0.100082 0.093925 0.0754435 0.218321 0.0417884 0.161929 0.0701504 0.0988929 0.0420738 
0.127548 0.106785 0.0652634 0.111559 0.157148 0.0319736 0.13977 0.0820074 0.107107 0.0708399 
0.0412572 0.0196086 0.0337285 0.234676 0.00863052 0.120856 0.0202497 0.452633 0.0195484 0.0488124 
0.14884 0.0769008 0.11069 0.0454451 0.150772 0.0202125 0.180148 0.109543 0.117937 0.039512 
0.12459 0.0960688 0.116887 0.113495 0.0841264 0.0289805 0.116229 0.0707776 0.198587 0.0502595 
0.0924762 0.076229 0.0754956 0.0519057 0.213494 0.0215529 0.116061 0.124179 0.158246 0.070362 
0.150164 0.0761446 0.0995964 0.101253 0.0592406 0.0308305 0.0920405 0.06961 0.0858041 0.235316 
0.117574 0.16315 0.0779153 0.11408 0.14686 0.0235513 0.0976429 0.0968492 0.0892485 0.0731286 
0.126837 0.0956185 0.0774076 0.124284 0.179701 0.0272309 0.125162 0.084017 0.121306 0.0384353 
0.140575 0.107525 0.162392 0.101177 0.178138 0.0189536 0.0545614 0.0643897 0.143133 0.0291554 
0.0821396 0.111893 0.0689332 0.0748456 0.170192 0.0484268 0.105502 0.158295 0.122256 0.0575167 
0.21909 0.117598 0.0832793 0.0899305 0.1288 0.0366966 0.133332 0.0532511 0.0845902 0.0534316 
0.0327197 0.0368483 0.0756914 0.0913645 0.158679 0.0691813 0.0367478 0.274612 0.0378919 0.186264 
0.119318 0.0767412 0.0771255 0.151012 0.160332 0.0266271 0.106884 0.104817 0.0994991 0.0776446 
0.117105 0.191987 0.184671 0.0999667 0.123199 0.0230164 0.0572421 0.0646717 0.11445 0.0236917 
0.12231 0.127266 0.109605 0.0841139 0.109374 0.0393347 0.134178 0.0870566 0.117834 0.0689269 
0.112915 0.0452071 0.0624651 0.116403 0.109533 0.0343628 0.100091 0.26334 0.119622 0.0360616 
0.111391 0.131588 0.0817439 0.0842526 0.117947 0.0543098 0.134722 0.0989984 0.120055 0.0649917 
0.12196 0.097473 0.145614 0.0645125 0.107967 0.173639 0.110432 0.0464907 0.0974638 0.0344468 
0.0852609 0.0812403 0.0574323 0.166461 0.0848175 0.0624278 0.159596 0.0522657 0.0820569 0.168442 
0.0989129 0.15446 0.149442 0.081478 0.0695743 0.0239434 0.0939035 0.0637069 0.211442 0.0531369 
0.137589 0.109929 0.0676974 0.129218 0.184908 0.0215002 0.0899282 0.0722766 0.154596 0.0323578 
0.146892 0.22179 0.0703118 0.0960518 0.11557 0.0395668 0.0996611 0.076404 0.0891319 0.0446194 
0.115355 0.20897 0.0905841 0.0791128 0.107799 0.0273918 0.156632 0.0734091 0.0968322 0.0439142 
0.0665215 0.0569767 0.0572768 0.0380365 0.259803 0.0278496 0.239848 0.0865713 0.139342 0.027775 
0.125699 0.115324 0.103837 0.10347 0.243602 0.0199883 0.0697064 0.0611608 0.119471 0.0377423 
0.0885858 0.113075 0.0727479 0.108721 0.151769 0.040292 0.142797 0.0983152 0.135681 0.0480165 
0.120038 0.102748 0.0968738 0.0818578 0.164526 0.0379166 0.12368 0.0938649 0.121299 0.0571954 
0.111273 0.0964155 0.0865768 0.0870431 0.110381 0.0429108 0.219045 0.0585211 0.148329 0.0395039 
0.148404 0.109168 0.0993265 0.107792 0.177132 0.0375901 0.086282 0.0974305 0.0902189 0.0466551 
0.125657 0.140728 0.116545 0.0586737 0.144726 0.035682 0.156198 0.0596643 0.126003 0.0361234 
0.0962809 0.140539 0.0741623 0.111148 0.0972111 0.0716289 0.123685 0.0971414 0.150468 0.0377365 
0.174158 0.173363 0.107859 0.0845519 0.0830917 0.0175265 0.118412 0.0710001 0.137465 0.0325738 
0.10874 0.0959032 0.0797585 0.132566 0.121854 0.0238657 0.0631582 0.053212 0.0932349 0.227707 
0.108821 0.214084 0.0814676 0.124761 0.172182 0.0396235 0.0922447 0.031166 0.0898748 0.0457754 
0.128173 0.13349 0.103454 0.0930915 0.143322 0.0229506 0.119942 0.0954629 0.114937 0.0451774 
0.0975737 0.127632 0.114157 0.0983266 0.14336 0.0521002 0.0825608 0.0921948 0.147974 0.0441216 
0.146961 0.153615 0.0741382 0.0722385 0.1312 0.039255 0.0940321 0.0950547 0.127187 0.0663183 
0.0934064 0.103085 0.0622099 0.0672174 0.181395 0.0252121 0.118551 0.170734 0.128086 0.0501036 
0.0812933 0.12062 0.0700849 0.108766 0.166159 0.0279067 0.190905 0.0861412 0.111733 0.0363896 
0.127187 0.131656 0.089174 0.100173 0.137662 0.0308661 0.134701 0.0994473 0.112746 0.036388 
0.122265 0.113438 0.0874286 0.0772308 0.148153 0.0440202 0.103335 0.0807198 0.15889 0.0645208 
0.0869605 0.140693 0.0910828 0.161263 0.113002 0.0365447 0.0888734 0.0684927 0.14984 0.0632477 
0.119191 0.122989 0.0749906 0.0919568 0.207384 0.0279236 0.107324 0.0855345 0.103772 0.0589349 
0.110143 0.0996405 0.0702476 0.109132 0.101499 0.0579985 0.0848814 0.133516 0.17831 0.0546318 
0.0991538 0.0968626 0.102404 0.0953132 0.0961211 0.023608 0.0846893 0.0511086 0.102824 0.247915 
0.154052 0.172369 0.0517365 0.123397 0.11614 0.0567505 0.154621 0.0513656 0.0917587 0.0278089 
0.103703 0.18031 0.0933251 0.0515133 0.183793 0.0207165 0.0971505 0.0863309 0.144212 0.0389458 
0.162929 0.143873 0.211549 0.0646378 0.113206 0.0276274 0.0894352 0.0663569 0.0809014 0.0394843 
0.0700187 0.123934 0.0613709 0.176267 0.168508 0.016711 0.10513 0.0600963 0.205418 0.0125461 
0.180607 0.0813477 0.0774209 0.0402027 0.108174 0.0316301 0.141077 0.0719234 0.243843 0.0237741 
0.125575 0.120584 0.0860828 0.121241 0.154774 0.0279622 0.111205 0.0919601 0.114082 0.0465344 
0.141728 0.127261 0.0913139 0.100262 0.108382 0.0157627 0.133771 0.0851147 0.143467 0.0529368 
0.128839 0.0991723 0.0906465 0.098991 0.154761 0.0288236 0.11461 0.110542 0.114912 0.0587027 
0.0676131 0.117395 0.183967 0.0599451 0.0741858 0.0118586 0.206952 0.0730715 0.0766092 0.128402 
0.119844 0.0980445 0.136048 0.0910912 0.101968 0.0276632 0.0920963 0.0890719 0.17924 0.0649324 
0.102513 0.119972 0.0779399 0.119102 0.147519 0.0237072 0.128327 0.0999632 0.135164 0.0457924 
0.0946704 0.0891993 0.0519304 0.0692625 0.0957076 0.296381 0.102311 0.0685908 0.0858003 0.0461471 
0.11223 0.0929981 0.0828332 0.161128 0.109753 0.0237083 0.136572 0.105231 0.121156 0.0543915 
0.109225 0.0896174 0.0863942 0.119098 0.148307 0.0320244 0.138559 0.0969325 0.124406 0.055437 
0.193072 0.0725992 0.0754933 0.0956982 0.0600569 0.0329774 0.155378 0.174827 0.0641367 0.0757614 
0.0690835 0.0444523 0.127818 0.15501 0.153903 0.0277833 0.0705305 0.0745466 0.09141 0.185463 
0.0755991 0.0910468 0.0561242 0.121452 0.104968 0.256021 0.0995013 0.0428775 0.10013 0.0522815 
0.111357 0.10686 0.0830198 0.101927 0.183366 0.0259463 0.118951 0.0977666 0.127593 0.0432133 
0.0842763 0.0908991 0.0807354 0.0786674 0.136014 0.16413 0.0982091 0.077908 0.122665 0.0664959 
0.101063 0.0925673 0.0804425 0.0835957 0.0894048 0.117997 0.147802 0.107903 0.113377 0.0658487 
0.118388 0.201674 0.0727313 0.0912792 0.10519 0.0305729 0.164002 0.0834528 0.0854298 0.0472793 
0.067982 0.104993 0.117027 0.152799 0.228334 0.06662 0.082675 0.0798329 0.0468307 0.0529064 
0.067982 0.104993 0.117027 0.152799 0.228334 0.06662 0.082675 0.0798329 0.0468307 0.0529064 
0.116123 0.13199 0.0913867 0.103284 0.16686 0.0284638 0.143769 0.0763135 0.0960516 0.0457585 
0.158512 0.0997431 0.0884688 0.109515 0.126731 0.0315992 0.0929504 0.0674903 0.0918856 0.133104 
0.152161 0.126144 0.0973915 0.057331 0.155447 0.0180262 0.177797 0.106671 0.0786907 0.0303404 
0.117323 0.0991635 0.094448 0.100225 0.154234 0.0312214 0.139367 0.118943 0.0923121 0.052762 
0.0949571 0.117541 0.093207 0.105804 0.133919 0.0745568 0.0953249 0.108207 0.104623 0.0718608 
0.13228 0.112615 0.11939 0.111386 0.0948061 0.0247738 0.112645 0.120893 0.136727 0.0344851 
0.112054 0.115929 0.0793891 0.153313 0.118737 0.0540552 0.09898 0.0919016 0.109717 0.0659235 
0.0805155 0.1728 0.094861 0.19868 0.0639444 0.0638835 0.0469061 0.0872077 0.095586 0.0956154 
0.56149 0.0657102 0.0393823 0.0298707 0.0186394 0.0124728 0.134745 0.0949459 0.0260863 0.0166577 
0.0976378 0.107402 0.108268 0.114186 0.114012 0.0573723 0.13125 0.0798839 0.116149 0.0738393 
0.1849 0.142441 0.115806 0.0698495 0.0978037 0.0418148 0.136183 0.0474277 0.100671 0.0631031 
0.0562837 0.0846869 0.105289 0.116136 0.200273 0.0166448 0.225077 0.112059 0.0499442 0.0336069 
0.189602 0.123675 0.0858292 0.155546 0.0994687 0.0314667 0.0982462 0.101971 0.0830549 0.0311402 
0.106522 0.140494 0.13587 0.13919 0.0685283 0.0276275 0.129223 0.104325 0.103503 0.0447173 
0.122468 0.117596 0.116677 0.105536 0.135565 0.0308385 0.170438 0.0719574 0.0749856 0.0539376 
0.136708 0.13171 0.0390401 0.139499 0.174212 0.019639 0.0996768 0.0883327 0.10195 0.0692313 
0.140236 0.103134 0.0803827 0.109501 0.242339 0.0228695 0.0791392 0.0519173 0.115475 0.0550061 
0.10721 0.119453 0.101831 0.0659749 0.193935 0.0296157 0.136444 0.114174 0.0997907 0.0315715 
0.0998654 0.135786 0.0776235 0.0788203 0.0984534 0.138399 0.124279 0.0894659 0.0936408 0.0636667 
0.0893083 0.152307 0.0626143 0.106394 0.134468 0.0115716 0.123015 0.142333 0.127416 0.0505718 
0.13032 0.155274 0.0820069 0.0998466 0.15391 0.029148 0.124639 0.0998834 0.0996045 0.0253684 
0.106784 0.183299 0.098666 0.096129 0.0993032 0.0563473 0.0894519 0.119136 0.0793831 0.0714997 
0.139672 0.0910847 0.143077 0.105852 0.134977 0.0154278 0.108864 0.0488723 0.136452 0.0757219 
0.0756247 0.0553536 0.0616688 0.0545108 0.20332 0.0177419 0.116108 0.0525276 0.331148 0.0319971 
0.190446 0.112876 0.0729549 0.08813 0.0820136 0.0214677 0.1422 0.116012 0.112297 0.0616034 
0.125715 0.0696485 0.0974459 0.0780309 0.14354 0.0571532 0.163325 0.0994385 0.0997257 0.0659772 
0.0970239 0.139058 0.12566 0.0722815 0.147534 0.0329669 0.128355 0.110767 0.121797 0.0245565 
0.134691 0.123339 0.0382414 0.136595 0.120261 0.0457435 0.124314 0.0869434 0.131772 0.0581008 
0.108406 0.0986514 0.0373254 0.123443 0.0743213 0.0249496 0.104379 0.215838 0.170902 0.0417837 
0.0739759 0.130499 0.0778109 0.156486 0.109085 0.0353861 0.105887 0.0794371 0.177974 0.0534596 
0.131656 0.120682 0.105478 0.134089 0.174851 0.0287117 0.096938 0.0892566 0.0787988 0.0395391 
0.106501 0.145322 0.158852 0.0964374 0.114705 0.0324553 0.119802 0.0681461 0.129081 0.028698 
0.132697 0.0896843 0.0858759 0.1017 0.148145 0.035546 0.135644 0.0982039 0.143323 0.0291816 
0.103648 0.110833 0.107166 0.0600017 0.153371 0.0635444 0.0973279 0.133055 0.0985341 0.0725195 
0.112739 0.111107 0.0777775 0.0952185 0.149955 0.0320944 0.170503 0.0796163 0.128425 0.0425641 
0.103379 0.0984881 0.0925593 0.0847929 0.136696 0.0310561 0.126771 0.106631 0.16379 0.0558366 
0.0403195 0.0747933 0.0703779 0.0418626 0.304313 0.145317 0.0751746 0.112205 0.0663745 0.0692625 
0.169949 0.0348074 0.115103 0.0378672 0.0790773 0.0376392 0.176918 0.0374437 0.308682 0.00251388 
0.0481548 0.0852106 0.0921028 0.0653954 0.0881678 0.201583 0.102546 0.117528 0.103363 0.0959491 
0.0870693 0.119258 0.0615362 0.0717257 0.199448 0.0165091 0.169944 0.108503 0.151694 0.0143125 
0.131914 0.0475221 0.284694 0.0844706 0.0981947 0.0329992 0.0448602 0.0538184 0.1802 0.0413266 
0.126524 0.128395 0.0964513 0.0975184 0.134748 0.0363406 0.123074 0.0904373 0.122335 0.044177 
0.153659 0.090318 0.118501 0.0477037 0.175449 0.0275732 0.137647 0.0585388 0.161351 0.0292599 
0.106824 0.105366 0.103941 0.0975692 0.106975 0.0379414 0.137704 0.10189 0.147729 0.054061 
0.11608 0.105322 0.0949813 0.0988266 0.189937 0.0261051 0.154897 0.0753893 0.0987185 0.0397427 
0.159748 0.101351 0.0924077 0.0961013 0.133253 0.0372769 0.146212 0.0654984 0.129914 0.038238 
0.0734773 0.0830244 0.167157 0.0876217 0.141275 0.0173019 0.154552 0.102942 0.0949241 0.0777256 
0.115757 0.1544 0.074002 0.123388 0.126597 0.0309832 0.161214 0.0665502 0.111776 0.0353327 
0.205084 0.0693717 0.100663 0.118763 0.154954 0.0337258 0.0752997 0.101341 0.102676 0.0381231 
0.111156 0.141284 0.09734 0.0954614 0.160393 0.0426837 0.103086 0.0649053 0.125601 0.0580884 
0.133888 0.133593 0.120926 0.0877858 0.138937 0.0273973 0.109011 0.0785076 0.129592 0.0403627 
0.0943915 0.128109 0.0871927 0.0832943 0.155804 0.0230282 0.157187 0.0955839 0.129554 0.0458552 
0.107394 0.146528 0.134729 0.092121 0.128532 0.0592271 0.10897 0.0604863 0.133102 0.0289092 
0.0817385 0.115668 0.209417 0.0796051 0.0790174 0.0270769 0.22931 0.0330659 0.0880304 0.0570707 
0.108291 0.137651 0.0943962 0.068038 0.195018 0.0397666 0.129887 0.080491 0.100373 0.0460882 
0.0253043 0.0227662 0.0346086 0.0413498 0.0517588 0.63815 0.0716357 0.0447028 0.0289848 0.0407386 
0.0687776 0.0731306 0.0777487 0.124685 0.107783 0.0309989 0.0939755 0.0620709 0.151212 0.209618 
0.0325045 0.0890762 0.0404382 0.0706401 0.0366608 0.32947 0.0564712 0.179148 0.037971 0.127619 
0.108236 0.0833754 0.0678844 0.0950997 0.127173 0.156384 0.114886 0.0945393 0.0863904 0.0660318 
0.0915422 0.0791259 0.178192 0.0922901 0.0476206 0.0124271 0.224231 0.100503 0.137077 0.0369912 
0.103061 0.175447 0.0908585 0.0696487 0.0827736 0.0496613 0.112768 0.120187 0.135523 0.0600723 
0.128549 0.0979292 0.069471 0.141278 0.174013 0.0322315 0.127579 0.0750131 0.0962736 0.0576625 
0.122243 0.117126 0.0563188 0.0852619 0.164485 0.039766 0.139013 0.120328 0.12298 0.0324774 
0.130027 0.162697 0.0822935 0.0624221 0.118343 0.0334417 0.146028 0.0954468 0.139197 0.0301053 
0.0726115 0.122757 0.0786599 0.0479636 0.089302 0.0227132 0.0557415 0.063619 0.419888 0.0267449 
0.134065 0.165584 0.0815414 0.0500682 0.100805 0.0332983 0.0960363 0.122135 0.140079 0.0763874 
0.153331 0.115123 0.0912879 0.138405 0.162278 0.0302756 0.156559 0.0303225 0.113503 0.00891471 
0.0995644 0.136412 0.0797533 0.0790636 0.134012 0.064385 0.12545 0.0952882 0.122536 0.0635361 
0.0912418 0.0721111 0.075331 0.102632 0.21535 0.0190548 0.0904906 0.112427 0.109647 0.111714 
0.0934168 0.093293 0.0468215 0.0927209 0.172368 0.0510984 0.11554 0.162188 0.12558 0.0469739 
0.167493 0.0794624 0.136819 0.0854585 0.103151 0.0203211 0.133251 0.0939099 0.12918 0.0509548 
0.11867 0.159794 0.176989 0.148929 0.117025 0.0259461 0.0630909 0.0501647 0.0856954 0.0536961 
0.0908646 0.0633441 0.0598815 0.0802037 0.337665 0.0660639 0.0643837 0.0921139 0.0798235 0.0656565 
0.103316 0.111536 0.109152 0.139089 0.0943626 0.0269473 0.139686 0.100583 0.0967653 0.0785623 
0.109855 0.160775 0.109848 0.0723303 0.111116 0.0330153 0.197961 0.0786355 0.0996426 0.0268216 
0.142658 0.195138 0.0744157 0.0628831 0.149176 0.0245586 0.130962 0.105491 0.087739 0.0269793 
0.0845927 0.0846988 0.106079 0.183259 0.0668667 0.0658203 0.0735963 0.133018 0.0813416 0.120727 
0.0536533 0.107015 0.0403044 0.109357 0.13517 0.0487627 0.10415 0.179714 0.0954992 0.126375 
0.161193 0.0982188 0.198394 0.107455 0.0964754 0.0355391 0.0692731 0.0537992 0.142538 0.0371134 
0.21967 0.132694 0.102113 0.0864944 0.0944951 0.0100082 0.116787 0.0807848 0.0959458 0.0610079 
0.113336 0.108383 0.0985137 0.12101 0.0891921 0.0625792 0.0700678 0.0875261 0.0527779 0.196615 
0.137012 0.146458 0.0868102 0.0902196 0.0989522 0.0470068 0.118965 0.0753682 0.153429 0.0457801 
0.040153 0.0334635 0.0545092 0.0228918 0.501473 0.017823 0.156726 0.0443753 0.112652 0.0159328 
0.109056 0.124368 0.0787975 0.0888742 0.10489 0.0393553 0.11229 0.190476 0.0949474 0.0569459 
0.170776 0.223192 0.0552725 0.0562564 0.0520748 0.0132504 0.123347 0.198017 0.0658478 0.0419664 
0.104882 0.13165 0.0787563 0.177508 0.114969 0.0486866 0.101677 0.0986916 0.0871248 0.0560557 
0.102838 0.0832684 0.126657 0.104227 0.156961 0.0473825 0.0794235 0.0411134 0.158958 0.0991713 
0.104651 0.147646 0.0944816 0.119667 0.107235 0.061516 0.11296 0.101012 0.0955136 0.0553163 
0.0797278 0.108313 0.0625543 0.169673 0.197775 0.0364235 0.115407 0.0744251 0.0887583 0.0669422 
0.160514 0.12316 0.070937 0.187356 0.0941425 0.0208235 0.0780848 0.0860879 0.115716 0.0631788 
0.113629 0.144033 0.0908915 0.19061 0.0768705 0.064302 0.128649 0.0619581 0.0711928 0.0578642 
0.113312 0.135877 0.0983488 0.0714111 0.132645 0.0386994 0.118547 0.110603 0.148065 0.0324927 
0.100988 0.0525783 0.0518451 0.0698564 0.103991 0.0269193 0.0865854 0.0579633 0.0807163 0.368557 
0.124521 0.102343 0.0695652 0.104723 0.164717 0.0271574 0.147306 0.0873583 0.108852 0.0634572 
0.119938 0.144195 0.121943 0.11862 0.150788 0.0301916 0.105808 0.0741162 0.101456 0.0329436 
0.147479 0.148152 0.0713441 0.0494466 0.104919 0.0231705 0.195528 0.135882 0.0792412 0.0448379 
0.143073 0.0793255 0.0801188 0.070378 0.112795 0.0365065 0.109422 0.151218 0.15178 0.065383 
0.129831 0.168315 0.106737 0.0754371 0.14556 0.0452956 0.0792271 0.0756168 0.120488 0.0534914 
0.0880496 0.148473 0.123255 0.122425 0.126844 0.0321186 0.112394 0.0725829 0.123071 0.0507873 
0.119471 0.136698 0.0731447 0.106172 0.157206 0.0285679 0.123914 0.0750205 0.141348 0.0384573 
0.147234 0.113778 0.0797766 0.143432 0.0977723 0.0259919 0.174606 0.0668673 0.103251 0.0472906 
0.10798 0.167666 0.0828584 0.123381 0.133352 0.0133165 0.117116 0.107976 0.11561 0.0307439 
0.136009 0.13787 0.124042 0.0750076 0.10937 0.0258011 0.0656749 0.107452 0.169274 0.0494996 
0.096802 0.093395 0.0824045 0.151053 0.113588 0.0332043 0.162765 0.0772122 0.0556401 0.133935 
0.130541 0.073296 0.05807 0.0714974 0.0804761 0.0819606 0.17472 0.207629 0.0863516 0.0354584 
0.114801 0.18016 0.0696019 0.121981 0.150349 0.0389416 0.095823 0.0890453 0.111271 0.0280255 
0.0801368 0.18562 0.0699854 0.09581 0.125935 0.0241629 0.182261 0.111702 0.0851774 0.039211 
0.104527 0.0745641 0.0976612 0.0746928 0.110135 0.0739109 0.225689 0.0936834 0.115403 0.0297337 
0.100301 0.0722227 0.0609128 0.23849 0.0564661 0.0660041 0.137827 0.0645563 0.161819 0.0414015 
0.0724806 0.0939419 0.0809351 0.274925 0.0956553 0.0313872 0.0871173 0.0925933 0.107085 0.0638794 
0.129057 0.141441 0.103106 0.100678 0.197155 0.0185333 0.104547 0.0552247 0.12359 0.0266684 
0.100577 0.165309 0.0868226 0.0885109 0.145093 0.0228717 0.16359 0.0611402 0.120967 0.0451181 
0.125091 0.122029 0.0879144 0.0956846 0.13004 0.0369762 0.138428 0.0974541 0.120553 0.0458299 
0.204617 0.0706491 0.0572465 0.108002 0.118057 0.0239261 0.108608 0.0581659 0.114901 0.135828 
0.108571 0.166534 0.0663589 0.0788697 0.158091 0.0347276 0.138412 0.0866861 0.117442 0.0443087 
0.0984893 0.113498 0.0972329 0.105307 0.0984345 0.0752331 0.123207 0.0992292 0.103227 0.0861413 
0.0919593 0.107668 0.0684859 0.146392 0.181621 0.041804 0.0935461 0.0782193 0.0958431 0.0944621 
0.141959 0.165765 0.0837214 0.0786187 0.169061 0.0282434 0.104083 0.108482 0.0718094 0.0482571 
0.127686 0.128735 0.168063 0.0419125 0.109235 0.0604623 0.0946227 0.0450432 0.176601 0.0476396 
0.180808 0.146472 0.0636671 0.0715484 0.151396 0.0238204 0.152341 0.0733269 0.1091 0.0275206 
0.102972 0.112568 0.103066 0.0858297 0.166007 0.0432941 0.114434 0.0881732 0.129568 0.0540881 
0.12941 0.147707 0.061296 0.0550341 0.152657 0.0581962 0.177723 0.0979575 0.0901243 0.0298951 
0.14358 0.0855233 0.157492 0.0714193 0.123012 0.0633862 0.0867459 0.148637 0.100278 0.019926 
0.124258 0.111151 0.0729785 0.112103 0.139484 0.040996 0.134323 0.0935585 0.117261 0.0538867 
0.11354 0.140903 0.0769423 0.0845216 0.180832 0.0295758 0.141642 0.0860001 0.115938 0.0301044 
0.0811593 0.114535 0.0920164 0.159071 0.12144 0.0476911 0.123603 0.114542 0.0983851 0.0475564 
0.128032 0.144421 0.114391 0.103243 0.0749329 0.0405464 0.11086 0.127905 0.116034 0.039634 
0.121004 0.159203 0.0704843 0.0815413 0.119388 0.0188742 0.184007 0.102761 0.104178 0.0385588 
0.072015 0.116031 0.0444105 0.0618247 0.0881708 0.221224 0.106864 0.117067 0.0805127 0.0918808 
0.119998 0.168547 0.0797926 0.0944965 0.134902 0.0218788 0.127181 0.10069 0.11698 0.035534 
0.14861 0.079223 0.109511 0.0833492 0.144615 0.0186856 0.167352 0.104013 0.105012 0.0396286 
0.20272 0.100324 0.148099 0.0642069 0.0908257 0.0608086 0.067291 0.0843335 0.14625 0.0351411 
0.0742867 0.0906844 0.0826789 0.102337 0.162581 0.0239372 0.17017 0.173413 0.0912606 0.0286519 
0.126375 0.175674 0.11645 0.10852 0.131001 0.0211484 0.099101 0.0592446 0.108822 0.0536646 
0.143995 0.128556 0.0878155 0.111875 0.11781 0.0253683 0.145713 0.0747697 0.132087 0.0320116 
0.102385 0.112225 0.0703625 0.129062 0.131015 0.0835034 0.14089 0.0885753 0.0860229 0.0559599 
0.0993813 0.147605 0.092217 0.0692399 0.223255 0.0300541 0.115106 0.0872849 0.112739 0.0231174 
0.154272 0.138529 0.152136 0.0823747 0.116703 0.0274685 0.122735 0.0858472 0.0775673 0.0423683 
0.143447 0.110815 0.107926 0.100681 0.130534 0.0422923 0.0932835 0.127267 0.08371 0.0600443 
0.0764221 0.0764157 0.179894 0.0865616 0.14796 0.0247302 0.0689526 0.0611329 0.103126 0.174805 
0.0555943 0.0814213 0.0807245 0.106243 0.221466 0.0551093 0.0635876 0.109322 0.0753291 0.151203 
0.105511 0.166532 0.0718594 0.0637386 0.122106 0.0211435 0.190059 0.128943 0.0784809 0.0516265 
0.133451 0.166167 0.103244 0.0927796 0.109243 0.0310601 0.115641 0.0741729 0.131526 0.0427141 
0.146031 0.160009 0.0353934 0.0809392 0.165002 0.0268797 0.0594274 0.148141 0.103921 0.0742567 
0.0677972 0.0660987 0.106336 0.0785716 0.16326 0.0589741 0.126769 0.131052 0.127348 0.0737937 
0.116885 0.159305 0.0702828 0.0810664 0.122401 0.0228782 0.130766 0.0633855 0.204397 0.0286337 
0.159876 0.112804 0.0617897 0.150774 0.0788525 0.0399611 0.128346 0.112209 0.105385 0.0500013 
0.147355 0.124297 0.0855657 0.113976 0.120057 0.0257694 0.146222 0.0736599 0.131208 0.0318903 
0.169164 0.0258414 0.0825616 0.025599 0.083806 0.0255786 0.140635 0.0540826 0.197973 0.194759 
0.0790483 0.0836594 0.129317 0.254662 0.100115 0.0214607 0.0563982 0.180913 0.0533656 0.0410613 
0.0869492 0.145941 0.0649723 0.153507 0.2221 0.0143386 0.0771563 0.0421938 0.0720458 0.120795 
0.12712 0.157377 0.100062 0.0954011 0.128158 0.0294584 0.132671 0.0780646 0.108925 0.0427629 
0.103167 0.104792 0.119566 0.144061 0.163046 0.0155568 0.108583 0.0551444 0.162059 0.0240235 
0.107148 0.12342 0.100397 0.0887142 0.102049 0.091846 0.0880013 0.124265 0.0707951 0.103364 
0.0377822 0.0908957 0.0349999 0.0931552 0.319772 0.0838552 0.100178 0.0587142 0.150529 0.0301183 
0.114281 0.126289 0.124191 0.0652312 0.145824 0.0387824 0.139183 0.106844 0.0956215 0.0437531 
0.103222 0.136042 0.191283 0.0838916 0.0901677 0.0874817 0.110438 0.0693992 0.0794629 0.0486113 
0.110057 0.157597 0.0922925 0.0662777 0.138413 0.0443837 0.0832623 0.114551 0.132016 0.0611491 
0.0863937 0.11932 0.128117 0.0703154 0.164904 0.0177695 0.072332 0.0954676 0.160536 0.0848444 
0.0230241 0.303648 0.0405986 0.0456078 0.141074 0.0353538 0.181309 0.100638 0.0590239 0.0697221 
0.0718425 0.231266 0.071261 0.0465074 0.155568 0.0293675 0.151064 0.0186173 0.199815 0.0246913 
0.0431916 0.0717517 0.497904 0.0558043 0.0473052 0.0644841 0.0666583 0.0480345 0.0653821 0.0394839 
0.108025 0.0701548 0.116689 0.0676136 0.204556 0.101433 0.110036 0.111014 0.0359068 0.0745726 
0.0775255 0.0790782 0.107418 0.115304 0.0968676 0.0192599 0.140305 0.0670955 0.243541 0.0536056 
0.179726 0.0796921 0.136645 0.0632457 0.0453181 0.0508354 0.146217 0.0591756 0.114744 0.1244 
0.138427 0.130227 0.0742825 0.107313 0.132653 0.0283135 0.126029 0.0724692 0.149738 0.040548 
0.138258 8.68652e-06 0.0132794 0.00165931 9.44392e-05 0.003685 0.000530407 0.819703 0.00015009 0.0226312 
0.138258 8.68652e-06 0.0132794 0.00165931 9.44392e-05 0.003685 0.000530407 0.819703 0.00015009 0.0226312 
0.0858985 0.161367 0.153602 0.103544 0.157353 0.0512268 0.123007 0.0655527 0.070946 0.0275026 
0.107656 0.153225 0.0708945 0.105065 0.152691 0.0262802 0.143595 0.0871065 0.108417 0.0450696 
0.115887 0.148833 0.10771 0.0887084 0.0994639 0.0165514 0.191216 0.10557 0.0833507 0.0427097 
0.112332 0.127098 0.0561463 0.0941754 0.0983159 0.0260223 0.141426 0.179755 0.0994376 0.0652923 
0.136162 0.0973492 0.0852766 0.0879086 0.171207 0.030619 0.165764 0.0817394 0.109413 0.0345615 
0.112847 0.124536 0.0962668 0.069184 0.150631 0.0395677 0.0993884 0.13774 0.116938 0.0529016 
0.0628997 0.160362 0.0548631 0.0670398 0.0817731 0.268443 0.0890701 0.0641849 0.108733 0.0426315 
0.108577 0.132059 0.0867303 0.0810336 0.167222 0.0283888 0.114241 0.0930517 0.138292 0.0504048 
0.130535 0.134952 0.0682368 0.0849403 0.211665 0.0288931 0.150654 0.0620001 0.0975756 0.0305474 
0.0840657 0.132919 0.159569 0.0792259 0.0790874 0.0244412 0.124194 0.152703 0.114709 0.0490863 
0.239981 0.219584 0.072613 0.0517337 0.0930796 0.0295707 0.0976416 0.0837987 0.0844836 0.027514 
0.110976 0.130208 0.0847556 0.11471 0.0891659 0.0546158 0.107096 0.0954328 0.161416 0.0516246 
0.120536 0.123138 0.0740112 0.0766916 0.206741 0.025747 0.106385 0.125644 0.114807 0.0262992 
0.0934717 0.139431 0.0997897 0.0918711 0.109834 0.0230999 0.0979042 0.0680217 0.120171 0.156406 
0.145892 0.110453 0.120028 0.0801767 0.142705 0.0268326 0.126587 0.103328 0.105728 0.0382705 
0.0431851 0.0732938 0.123473 0.10331 0.101351 0.0641506 0.0675298 0.183612 0.0659014 0.174194 
0.143934 0.0704522 0.054419 0.0820486 0.143538 0.0516349 0.169944 0.0466412 0.181557 0.0558308 
0.0993588 0.0977155 0.2054 0.103158 0.133502 0.0333407 0.11359 0.0857779 0.0942892 0.0338687 
0.13828 0.129871 0.0757446 0.0731874 0.18783 0.0355091 0.135881 0.0899617 0.111009 0.0227266 
0.173514 0.096524 0.0521997 0.0787437 0.0880067 0.220631 0.10429 0.0746853 0.0508659 0.0605387 
0.0846392 0.13678 0.146903 0.104405 0.0876252 0.048873 0.0929682 0.0971286 0.143288 0.0573901 
0.102605 0.137293 0.092091 0.10305 0.184272 0.0412829 0.109796 0.0883829 0.106929 0.0342985 
0.080679 0.112821 0.068476 0.0880327 0.113693 0.0395304 0.0990719 0.0725572 0.198221 0.126917 
0.0737535 0.0289825 0.0389808 0.0925967 0.120325 0.0173612 0.0215403 0.0442894 0.0585662 0.503604 
0.083244 0.118991 0.063175 0.0741717 0.127049 0.0615395 0.137783 0.093446 0.150214 0.0903864 
0.0968419 0.17782 0.0930649 0.071698 0.112459 0.0654666 0.139295 0.0948756 0.0996345 0.048845 
0.174614 0.151776 0.0965998 0.140713 0.0854481 0.0293941 0.113535 0.0794929 0.0915173 0.0369098 
0.101893 0.116418 0.0767887 0.0747341 0.140369 0.141376 0.123614 0.09415 0.075987 0.0546705 
0.120874 0.109939 0.134943 0.0436971 0.037653 0.0312566 0.0603636 0.043555 0.144059 0.27366 
0.0703875 0.0868872 0.0834598 0.287689 0.0810508 0.0314808 0.134773 0.0884975 0.108508 0.0272664 
0.103495 0.129115 0.0963038 0.108809 0.125889 0.0249037 0.124906 0.102668 0.120284 0.0636252 
-nan -nan -nan -nan -nan -nan -nan -nan -nan -nan 
0.118326 0.102469 0.106441 0.0575426 0.237985 0.0201235 0.106367 0.0954389 0.123805 0.0315022 
0.0741349 0.07238 0.130624 0.152894 0.0662698 0.0789487 0.0870643 0.0604253 0.11163 0.165629 
0.128435 0.159879 0.0826223 0.0987658 0.103135 0.019618 0.15739 0.0696904 0.149259 0.0312047 
0.0990556 0.1429 0.105651 0.107867 0.110398 0.0278045 0.162499 0.0639574 0.140431 0.0394358 
0.118388 0.165689 0.0635534 0.081462 0.15855 0.0329566 0.139685 0.0922901 0.102718 0.0447081 
0.116568 0.103895 0.0843542 0.0771199 0.125647 0.0247793 0.137233 0.0807725 0.210376 0.0392551 
0.10597 0.158471 0.126339 0.0954245 0.156649 0.0200274 0.121703 0.0549971 0.112376 0.0480439 
0.0201147 0.161773 0.104467 0.110987 0.0476809 0.00917967 0.0209151 0.0780574 0.358307 0.0885179 
0.101539 0.163753 0.0920974 0.0705494 0.173178 0.0282081 0.15028 0.105666 0.0802076 0.034522 
0.116774 0.11967 0.104449 0.0804429 0.1351 0.0990828 0.118349 0.0711711 0.116552 0.0384097 
0.103337 0.155241 0.0692237 0.0853367 0.177801 0.0296988 0.122727 0.095939 0.124 0.0366966 
0.12148 0.09426 0.0811807 0.102928 0.175706 0.0237329 0.0982987 0.0998856 0.172908 0.0296197 
0.0889977 0.103383 0.058968 0.0716927 0.0732705 0.312367 0.0845901 0.0744947 0.0712757 0.0609606 
0.117815 0.172744 0.0753856 0.0643229 0.128899 0.0203609 0.122277 0.100023 0.154991 0.0431809 
0.132865 0.144372 0.084575 0.0825819 0.141499 0.0265741 0.131978 0.0918238 0.122081 0.0416499 
0.13095 0.0824141 0.0797424 0.0746675 0.202269 0.046157 0.076344 0.110929 0.0871269 0.1094 
0.0450729 0.084124 0.0316195 0.114355 0.0919548 0.0345585 0.0802264 0.0728346 0.422024 0.0232305 
0.104396 0.0850069 0.0722115 0.195344 0.0950539 0.0778881 0.100547 0.133184 0.0954562 0.0409115 
0.149787 0.167898 0.114937 0.114317 0.122938 0.027485 0.0994825 0.0528345 0.129521 0.0207998 
0.275789 0.113407 0.0590633 0.0682245 0.149744 0.0220147 0.128158 0.0617496 0.0855329 0.0363182 
0.0962758 0.147135 0.0694094 0.111816 0.105191 0.0298453 0.115038 0.162473 0.120934 0.0418815 
0.158524 0.125874 0.0858833 0.0950255 0.16864 0.0294803 0.129671 0.075609 0.0783393 0.0529547 
0.0898427 0.114279 0.0781484 0.113363 0.0602804 0.0524103 0.0578286 0.0878778 0.227307 0.118663 
0.113435 0.158466 0.0748676 0.0498927 0.235538 0.0394445 0.174836 0.0499739 0.0844433 0.0191034 
0.171458 0.118357 0.073513 0.0985962 0.135202 0.0454324 0.140265 0.0602085 0.102593 0.0543755 
0.0951598 0.133076 0.1675 0.13603 0.0901211 0.0305687 0.122346 0.120588 0.0685962 0.0360151 
0.109398 0.138514 0.119555 0.0886878 0.120265 0.0423278 0.10984 0.0888404 0.135474 0.0470994 
0.152138 0.142838 0.105989 0.073498 0.1541 0.0276566 0.140551 0.0551137 0.104478 0.0436367 
0.0808211 0.0844328 0.0783899 0.0810072 0.0758996 0.115289 0.108683 0.078333 0.0640474 0.233097 
0.109452 0.159871 0.0936435 0.0902378 0.164104 0.0352227 0.106932 0.0986809 0.104141 0.0377151 
0.12764 0.123239 0.0736391 0.121938 0.131832 0.0295966 0.135515 0.0922127 0.115498 0.0488894 
0.14806 0.125705 0.0872428 0.0757083 0.0711556 0.0402337 0.180683 0.0842591 0.119725 0.0672279 
0.105595 0.192539 0.0528584 0.151036 0.10935 0.024622 0.116335 0.0629406 0.105081 0.0796445 
0.111371 0.114411 0.091638 0.101342 0.123423 0.0374311 0.139554 0.115914 0.105958 0.0589564 
0.11741 0.112013 0.118118 0.0950016 0.111793 0.040149 0.0967186 0.0811339 0.13488 0.0927823 
0.128338 0.141653 0.0754242 0.0929277 0.141133 0.0339855 0.155346 0.0716186 0.133293 0.0262806 
0.0960463 0.066775 0.0392034 0.165993 0.195231 0.0338769 0.0584224 0.0329391 0.0983849 0.213129 
0.164102 0.0955077 0.0908066 0.0814931 0.203642 0.0310611 0.139192 0.0610821 0.0957473 0.0373665 
0.0827633 0.0987233 0.117226 0.0534572 0.254126 0.0162478 0.112553 0.0782539 0.14729 0.0393599 
0.0583258 0.108289 0.0606946 0.23621 0.175537 0.0368034 0.100135 0.0778176 0.0810654 0.0651226 
0.0872129 0.110411 0.0872424 0.117412 0.10587 0.0548353 0.115985 0.191418 0.0684332 0.0611805 
0.167921 0.142359 0.059918 0.19237 0.0787961 0.057344 0.0791544 0.0936429 0.07431 0.0541843 
0.122016 0.140527 0.093935 0.119296 0.180065 0.0252648 0.133117 0.0956558 0.0594299 0.0306931 
0.133542 0.112036 0.0946081 0.0910823 0.151135 0.0281943 0.110332 0.106706 0.118304 0.0540597 
0.168852 0.0601593 0.0675936 0.0943859 0.155522 0.0194096 0.164537 0.174717 0.0599058 0.0349172 
0.147836 0.15617 0.0676264 0.110055 0.122993 0.0281462 0.146359 0.0816836 0.0964418 0.0426888 
0.103529 0.0629169 0.0782372 0.086828 0.292111 0.0232633 0.132495 0.0984021 0.103756 0.0184604 
0.0867837 0.12555 0.110975 0.078102 0.106564 0.0294121 0.16195 0.0829421 0.160305 0.0574156 
0.0940161 0.120499 0.0594648 0.0748411 0.18803 0.0415187 0.0683347 0.13827 0.149258 0.0657674 
0.153722 0.105457 0.064884 0.0654461 0.200756 0.0339056 0.184715 0.0580724 0.0790089 0.054032 
0.109867 0.0946196 0.0959513 0.102584 0.122928 0.0383529 0.132634 0.114993 0.11309 0.0749794 
0.0705875 0.0919012 0.0739233 0.0776958 0.156094 0.052356 0.240365 0.103364 0.0741345 0.0595793 
0.101497 0.145584 0.147743 0.104605 0.0726163 0.064555 0.113947 0.0663112 0.126807 0.056334 
0.154867 0.155962 0.120367 0.0943023 0.0893734 0.0294822 0.102664 0.0626719 0.117851 0.0724597 
0.142125 0.0700162 0.121284 0.0980686 0.103375 0.0699437 0.0965776 0.0779214 0.188443 0.0322456 
0.0756697 0.0863277 0.0643748 0.0954573 0.0603469 0.275396 0.0786625 0.0694779 0.0666185 0.127669 
0.137539 0.0781774 0.0686886 0.155261 0.122638 0.0200224 0.138804 0.152836 0.0959609 0.030073 
0.112521 0.111491 0.0993549 0.101456 0.188894 0.0263939 0.120878 0.0722263 0.115909 0.0508753 
0.123908 0.105908 0.0957084 0.0935423 0.197879 0.0407653 0.105582 0.0861884 0.109582 0.0409365 
0.125963 0.0816502 0.153365 0.0909139 0.0506949 0.048323 0.224051 0.062862 0.133505 0.0286722 
0.0413633 0.133456 0.112517 0.174006 0.116069 0.0818783 0.0795549 0.068489 0.086979 0.105688 
0.136873 0.0997514 0.0919012 0.0962581 0.115463 0.0262848 0.122601 0.0796976 0.167049 0.0641214 
0.136019 0.165553 0.112128 0.0521055 0.131574 0.0373947 0.149059 0.0972751 0.0802351 0.0386566 
0.0976086 0.264145 0.101894 0.0906626 0.127574 0.029977 0.0610636 0.111934 0.0846521 0.0304897 
0.114933 0.154435 0.109197 0.0766587 0.15869 0.0218058 0.120101 0.071851 0.125378 0.0469516 
0.0818544 0.0817418 0.0850248 0.0474635 0.22364 0.0115854 0.109356 0.150611 0.158577 0.0501459 
0.0756023 0.159313 0.277456 0.0708337 0.071741 0.0703659 0.0769479 0.0500268 0.0802508 0.067462 
0.143354 0.129298 0.0363662 0.0801856 0.159792 0.00516816 0.102249 0.108802 0.211448 0.0233365 
0.107478 0.151138 0.090091 0.086977 0.137735 0.0289724 0.127336 0.0972492 0.122615 0.0504083 
0.179609 0.13889 0.0868276 0.0763782 0.126967 0.0185718 0.184648 0.0629187 0.0982095 0.02698 
0.111745 0.154894 0.116372 0.102463 0.142985 0.018854 0.114614 0.10091 0.0906465 0.0465159 
0.110425 0.145206 0.104332 0.113917 0.114779 0.028317 0.185544 0.0726117 0.102201 0.0226672 
0.157458 0.0919503 0.0916624 0.0785478 0.148072 0.0286795 0.0971446 0.1479 0.117802 0.0407837 
0.111636 0.0951034 0.112679 0.121082 0.0904389 0.0461894 0.130156 0.0848858 0.0900463 0.117784 
0.11275 0.108072 0.0900591 0.104291 0.136667 0.0303362 0.0900394 0.0838161 0.128285 0.115684 
0.104286 0.109523 0.105281 0.0899985 0.105428 0.0699867 0.11699 0.0988403 0.108441 0.0912247 
0.129196 0.0551484 0.135311 0.0854136 0.209093 0.0479432 0.0795369 0.115281 0.119996 0.0230818 
0.0984256 0.120537 0.101454 0.0901233 0.15787 0.0419284 0.0989825 0.0953793 0.140904 0.0543961 
0.115933 0.144796 0.0629161 0.0946046 0.143726 0.0225343 0.140903 0.115463 0.122445 0.0366783 
0.0885633 0.103116 0.102242 0.0884468 0.10506 0.0274176 0.102584 0.127113 0.19033 0.0651265 
0.135285 0.147598 0.214985 0.0583526 0.0840687 0.0270037 0.0748481 0.0575107 0.181821 0.0185273 
0.112573 0.149374 0.0726674 0.0944447 0.12243 0.0207558 0.132151 0.105952 0.141684 0.047968 
0.0748786 0.159179 0.107108 0.0991733 0.0636061 0.0440185 0.0703759 0.1393 0.170609 0.0717527 
0.108676 0.181346 0.0822417 0.0996611 0.12203 0.0249226 0.159561 0.0845351 0.099668 0.0373581 
0.162099 0.0490547 0.117952 0.0998201 0.0401634 0.0377662 0.0811193 0.219585 0.0625062 0.129934 
0.135556 0.102079 0.0811773 0.0785573 0.13644 0.0556527 0.111201 0.148154 0.110896 0.0402857 
0.148311 0.139615 0.155343 0.0681258 0.126812 0.0321898 0.134426 0.0869857 0.0737908 0.0344003 
0.128511 0.116138 0.0779333 0.107273 0.135082 0.0339404 0.134597 0.0789961 0.139577 0.0479516 
0.160536 0.0624334 0.042029 0.0683473 0.246187 0.0330647 0.119254 0.131275 0.0801003 0.0567734 
0.104438 0.0271109 0.0800447 0.169177 0.134672 0.0343652 0.0208067 0.11236 0.195809 0.121216 
0.156328 0.298953 0.0803546 0.0744973 0.0808723 0.0261167 0.111306 0.065017 0.073515 0.0330398 
0.13835 0.0997915 0.0803436 0.0995194 0.166932 0.0580843 0.150137 0.0931093 0.0802888 0.0334439 
0.114589 0.223809 0.101269 0.0804031 0.0752736 0.0235841 0.113423 0.0338665 0.0346321 0.19915 
0.147394 0.152488 0.0773223 0.110824 0.106317 0.0253418 0.125138 0.103031 0.105351 0.0467917 
0.10938 0.17555 0.0741209 0.102581 0.157693 0.0419367 0.108058 0.0807879 0.0925884 0.0573032 
0.0810911 0.233432 0.0893762 0.0365804 0.115465 0.0742388 0.11258 0.12124 0.060391 0.0756063 
0.112501 0.0822264 0.0938135 0.0857263 0.108315 0.0484293 0.163513 0.0840958 0.148066 0.073315 
0.102028 0.0835022 0.100341 0.147309 0.122405 0.101777 0.0999304 0.107012 0.0752156 0.060479 
0.1177 0.0486533 0.00181662 0.0360974 0.153462 0.0320384 0.404737 0.0704323 0.085234 0.0498298 
0.110397 0.12046 0.102199 0.0860428 0.153599 0.0272643 0.140755 0.0900437 0.121386 0.0478521 
0.108926 0.136825 0.0928425 0.106517 0.13378 0.0405321 0.125032 0.0828239 0.123404 0.0493174 
0.151749 0.0886872 0.0390926 0.0835256 0.159439 0.0252824 0.0837402 0.0979019 0.226003 0.0445787 
0.131594 0.167432 0.0972932 0.101873 0.0964409 0.0348792 0.166975 0.0701385 0.0824275 0.0509478 
0.0980724 0.0999079 0.0886647 0.110618 0.132664 0.026613 0.108091 0.102845 0.190844 0.0416803 
0.0837498 0.0709125 0.12547 0.144592 0.163146 0.0200761 0.0557236 0.0956512 0.214681 0.0259976 
0.0883019 0.112683 0.0543233 0.18618 0.0350279 0.0543927 0.269347 0.00460229 0.183696 0.0114462 
0.0997695 0.104312 0.118861 0.0852551 0.140441 0.0565562 0.133809 0.0760717 0.120177 0.0647473 
0.0885032 0.170815 0.091105 0.074419 0.123453 0.0458199 0.12408 0.112563 0.108578 0.0606632 
0.147426 0.141238 0.0745753 0.0683727 0.167745 0.0275059 0.13507 0.0893762 0.111146 0.0375438 
0.11288 0.144479 0.171354 0.0556352 0.190786 0.0245388 0.109157 0.0670324 0.084378 0.0397589 
0.0997868 0.146099 0.0946924 0.129798 0.122909 0.0422435 0.165494 0.0792534 0.0880783 0.0316459 
0.100356 0.110633 0.114838 0.108368 0.150654 0.0299762 0.0914374 0.0784178 0.149464 0.0658551 
0.0898701 0.0754702 0.0905434 0.0936049 0.147662 0.0659349 0.0837285 0.0638171 0.206952 0.0824169 
0.0920936 0.158065 0.0551311 0.148529 0.128966 0.0330794 0.0648587 0.0641169 0.0931907 0.161969 
0.122088 0.148937 0.0586318 0.135536 0.0986799 0.0563716 0.123631 0.115975 0.0894303 0.0507184 
0.0694979 0.132157 0.0782513 0.0760059 0.163176 0.0560042 0.0654635 0.0802204 0.228458 0.0507657 
0.121181 0.0703614 0.17634 0.0692615 0.188118 0.0296071 0.0504174 0.109655 0.0507692 0.134289 
0.100949 0.109152 0.107637 0.0929659 0.137421 0.0218693 0.14116 0.0895935 0.14443 0.0548218 
0.114825 0.147231 0.0982724 0.0672929 0.154309 0.0278317 0.156156 0.116474 0.090831 0.0267775 
0.122365 0.17438 0.115063 0.0868628 0.092062 0.0230987 0.108984 0.090937 0.14171 0.0445374 
0.107017 0.100541 0.117346 0.113885 0.1454 0.0367711 0.127426 0.089314 0.11826 0.0440394 
0.131528 0.150014 0.0663022 0.111691 0.176528 0.0342621 0.123865 0.0859725 0.0801346 0.0397034 
0.0744131 0.165489 0.0944521 0.0756801 0.141431 0.0334914 0.0853063 0.129591 0.154564 0.0455818 
0.14337 0.12793 0.0971832 0.0838389 0.132276 0.0287975 0.165486 0.0801029 0.101108 0.0399069 
0.149573 0.124894 0.151366 0.107125 0.128112 0.0388069 0.127235 0.0616463 0.0750539 0.0361882 
0.141256 0.111961 0.118725 0.121716 0.0991633 0.022217 0.136297 0.0953315 0.114337 0.0389965 
0.13575 0.108448 0.0879047 0.126777 0.140428 0.0297668 0.12282 0.115218 0.108242 0.0246468 
0.143824 0.151836 0.0768906 0.082595 0.105291 0.0314579 0.128178 0.11418 0.129253 0.0364952 
0.122598 0.127109 0.104236 0.0977664 0.157509 0.0208537 0.113048 0.102911 0.118702 0.0352668 
0.118195 0.111981 0.103401 0.120439 0.121903 0.0365119 0.14192 0.080752 0.121012 0.0438848 
0.17868 0.120268 0.0788833 0.0469013 0.151574 0.0249428 0.10681 0.103456 0.147429 0.0410555 
0.116817 0.0969377 0.100726 0.120076 0.0907879 0.0673922 0.0643276 0.128388 0.158478 0.056069 
0.0740246 0.131201 0.0755924 0.0583418 0.216137 0.0187735 0.25117 0.0472116 0.0703446 0.0572035 
0.139086 0.12663 0.081195 0.128435 0.167703 0.0319791 0.144058 0.063017 0.0894315 0.0284656 
0.102985 0.0939464 0.0780016 0.0960952 0.0935122 0.0271214 0.138553 0.0673836 0.117064 0.185338 
0.10784 0.178977 0.125715 0.124815 0.102686 0.0359828 0.078421 0.0679488 0.137929 0.0396864 
0.0961715 0.0921444 0.0910634 0.0416416 0.140649 0.18858 0.0904744 0.098084 0.0878494 0.073342 
0.173728 0.220709 0.0470556 0.0889055 0.109042 0.0279285 0.0857726 0.115931 0.0872642 0.0436634 
0.0349195 0.0644204 0.0464507 0.0862105 0.0309696 0.020077 0.119058 0.0664943 0.24232 0.28908 
0.0349195 0.0644204 0.0464507 0.0862105 0.0309696 0.020077 0.119058 0.0664943 0.24232 0.28908 
0.119184 0.104109 0.0983064 0.0613378 0.214261 0.025626 0.129106 0.101908 0.120118 0.0260424 
0.125894 0.0331003 0.0923397 0.0908768 0.0555037 0.0310583 0.0961471 0.143125 0.0886028 0.243353 
0.12351 0.150456 0.0957761 0.105726 0.126938 0.027974 0.11853 0.0737616 0.125181 0.0521479 
0.150143 0.100136 0.0599227 0.0897876 0.14284 0.03287 0.139558 0.115451 0.127601 0.0416905 
0.0829718 0.12136 0.0803185 0.129454 0.140123 0.0339772 0.157946 0.0851098 0.0878809 0.0808587 
