0.0665024 0.0553383 0.00264384 0.0722143 0.0847811 0.0227482 0.0778428 0.0820787 0.0896085 0.0426549 0.0627003 0.0717133 0.144043 0.0679907 0.0571395 
8.49178e-05 4.93832e-06 0.999798 6.51526e-06 1.31367e-05 3.06481e-06 4.08507e-06 3.1409e-06 2.92693e-06 8.69504e-06 5.50287e-05 3.30981e-06 1.10494e-06 4.84231e-06 6.42197e-06 
0.101526 0.0530958 0.00821155 0.0499147 0.0430441 0.0218673 0.15226 0.0593585 0.0916587 0.0624148 0.0913735 0.0658728 0.0484692 0.0839952 0.0669378 
0.0710938 0.069467 0.00636386 0.107965 0.035676 0.0190405 0.0701524 0.0946118 0.0650498 0.0903372 0.0720536 0.0877195 0.0898004 0.0630395 0.0576293 
0.0481998 0.0938555 0.00474271 0.118507 0.0504859 0.0230977 0.0976357 0.0722337 0.0860466 0.0497714 0.0666925 0.0822741 0.102119 0.0627227 0.0416154 
0.0993956 0.0740903 0.00508646 0.0995933 0.0507148 0.0261059 0.0967069 0.10576 0.0573499 0.0387028 0.0736115 0.0771443 0.0930888 0.0710043 0.0316455 
0.0958845 0.0385952 0.00318433 0.0649137 0.0523553 0.0234828 0.0746988 0.0878202 0.12046 0.0487023 0.040124 0.0609497 0.147404 0.10141 0.0400156 
0.0385844 0.0418513 0.00474397 0.0940727 0.106637 0.0216951 0.0864514 0.0946284 0.0693425 0.0254007 0.0712952 0.134019 0.0800675 0.0521216 0.0790896 
0.00397788 0.0310153 0.00105312 0.00421395 0.00910645 0.0761271 0.00586757 0.0034492 0.00161489 0.0832562 0.0064943 0.00197264 0.0277253 0.00199102 0.742135 
0.0392958 0.0526609 0.0016136 0.0403549 0.072662 0.0124334 0.116315 0.0957277 0.104256 0.0300836 0.0708826 0.0621553 0.187588 0.0734227 0.0405488 
0.0644421 0.0724522 0.00396689 0.215452 0.0345611 0.0269998 0.0734222 0.0512544 0.0920531 0.0373223 0.0879464 0.058269 0.0492521 0.0815221 0.0510842 
0.0962906 0.0896264 0.0169791 0.0608782 0.0547056 0.0816673 0.0580841 0.0774809 0.0628664 0.0461208 0.0822853 0.0544587 0.115415 0.0461143 0.0570275 
0.0139513 0.0893147 0.00951885 0.0760983 0.0430447 0.214989 0.092563 0.0391905 0.0838806 0.0489933 0.0251394 0.0982064 0.0661519 0.0495021 0.0494557 
0.0552011 0.0810961 0.0133509 0.0646496 0.0453593 0.0289522 0.0869858 0.11895 0.084787 0.0463392 0.0528949 0.0946074 0.128461 0.0503944 0.0479715 
0.0508096 0.0746247 0.00344063 0.094802 0.0630595 0.0291005 0.0937651 0.0807639 0.0870203 0.0432442 0.0639189 0.0738124 0.115917 0.0783451 0.0473763 
0.127874 0.0365431 0.00302059 0.0576938 0.0411918 0.0254648 0.0572613 0.0612141 0.0704099 0.0436158 0.161328 0.0902464 0.0803401 0.107134 0.0366616 
0.0457994 0.0576614 0.0134746 0.0777993 0.0564537 0.0618851 0.0742513 0.111356 0.0675363 0.0962458 0.0401518 0.074716 0.069278 0.0924731 0.0609186 
0.0825786 0.0900535 0.00554637 0.0547215 0.0799446 0.0293683 0.0543826 0.0608997 0.108364 0.026691 0.0838596 0.0666277 0.165381 0.0557316 0.0358497 
0.0462402 0.0254454 0.0963 0.0239062 0.148871 0.0725184 0.0813638 0.0186611 0.134644 0.143783 0.0523845 0.0409915 0.0515266 0.0369784 0.0263853 
0.0550218 0.0576599 0.0071662 0.0747132 0.0761458 0.0504563 0.0887757 0.077778 0.0835879 0.0782006 0.0842301 0.0702425 0.0588903 0.112497 0.0246349 
0.0494633 0.0847705 0.00192991 0.0614879 0.0399372 0.0207704 0.0390897 0.0932591 0.0747485 0.0274317 0.0527193 0.0856153 0.0703287 0.0495973 0.248851 
0.0695117 0.110682 0.0165462 0.0550611 0.0536017 0.0254263 0.0735043 0.0532879 0.139856 0.0478789 0.0641026 0.0805206 0.0717218 0.0864258 0.0518726 
0.0610284 0.125485 0.0208471 0.0822111 0.0744885 0.0488007 0.146564 0.165975 0.0256991 0.0342494 0.0327658 0.0533971 0.0442142 0.0645227 0.0197516 
0.0709099 0.076084 0.0138878 0.0821139 0.067109 0.0297541 0.0746233 0.0723321 0.0909104 0.0521712 0.060187 0.0825328 0.0963561 0.0712444 0.0597838 
0.0562041 0.0531703 0.132702 0.0484301 0.0370707 0.0156559 0.0340871 0.096552 0.049895 0.0743936 0.0519329 0.0659341 0.0677175 0.0844527 0.131802 
0.0348677 0.0345719 0.0156967 0.0798801 0.107555 0.0445197 0.0698646 0.0531638 0.0354689 0.012937 0.121538 0.223285 0.102723 0.0198254 0.0441028 
0.0655783 0.0698802 0.0041188 0.0900616 0.0529373 0.0494145 0.124932 0.0363976 0.112469 0.040295 0.0741449 0.0391322 0.159631 0.0496661 0.0313408 
0.0343892 0.0849648 0.00376179 0.14862 0.0801308 0.0261535 0.082847 0.0669308 0.130013 0.0445955 0.0510476 0.086424 0.0809986 0.0557671 0.0233559 
0.0737824 0.0792218 0.0034262 0.102173 0.0686651 0.0301255 0.0938574 0.0503813 0.131882 0.0603118 0.0426376 0.0662103 0.0815162 0.0656275 0.0501813 
0.0623093 0.0417915 0.00297907 0.0967871 0.0426103 0.0188591 0.0537239 0.12532 0.150274 0.0435231 0.0384766 0.0613014 0.0852002 0.0695387 0.107306 
0.0610513 0.0993026 0.00308455 0.0415017 0.060371 0.00759743 0.0455631 0.0713472 0.125168 0.0545745 0.0797474 0.060428 0.0768947 0.160214 0.0531552 
0.0281766 0.0542768 0.00309667 0.0864618 0.0800984 0.0324513 0.0688974 0.0826903 0.0759002 0.0429068 0.0771616 0.0729091 0.189792 0.07986 0.0253206 
0.0444435 0.0517976 0.00583408 0.0600958 0.0475733 0.0392796 0.140725 0.0847675 0.094216 0.0474591 0.0968049 0.0818387 0.0816319 0.0931257 0.0304077 
0.0460122 0.0650091 0.00763591 0.0613251 0.0940172 0.0387151 0.0802362 0.104504 0.0933343 0.0471239 0.0612402 0.0862839 0.113483 0.0624223 0.0386578 
0.0683648 0.0828082 0.00457418 0.151477 0.0765314 0.0252501 0.0596016 0.0736257 0.0744593 0.0462369 0.0465921 0.0729836 0.0992798 0.0772347 0.0409807 
0.0479075 0.121818 0.00320296 0.0909306 0.0505415 0.0186746 0.0657177 0.100019 0.0553685 0.0483715 0.0570266 0.0572235 0.088363 0.118313 0.0765215 
0.0391905 0.0803728 0.00527034 0.0560571 0.0398906 0.0121243 0.0701145 0.0783934 0.131048 0.0350865 0.0719146 0.128844 0.138206 0.0684444 0.045044 
0.0375189 0.0558701 0.00522592 0.060504 0.0748981 0.0210271 0.0795477 0.077806 0.0868696 0.0965011 0.109163 0.0447018 0.0766687 0.0624553 0.111243 
0.0535541 0.151011 0.0036093 0.0613678 0.0620209 0.0226952 0.0796754 0.0672967 0.0623407 0.0802505 0.0925457 0.0641991 0.0862906 0.0738498 0.0392927 
0.0277787 0.047086 0.00331234 0.0565098 0.0848475 0.225215 0.0533284 0.0704174 0.0605227 0.0480177 0.0600066 0.0780138 0.112861 0.0441627 0.0279195 
0.0901253 0.0807521 0.00648415 0.0455419 0.0717007 0.0416217 0.0664124 0.0688424 0.0640443 0.0437999 0.0607864 0.128449 0.0931899 0.0628147 0.0754357 
0.053141 0.0827517 0.00437619 0.106432 0.0607869 0.0293736 0.0916565 0.0747561 0.0737964 0.0454353 0.0729472 0.0802103 0.0999714 0.0712692 0.0530961 
0.0675785 0.065645 0.00851563 0.0708853 0.0376908 0.026827 0.0883643 0.0837363 0.0515107 0.0563157 0.0872724 0.0656467 0.147378 0.104155 0.0384776 
0.0964432 0.102337 0.0101942 0.0668292 0.0586978 0.0289661 0.080423 0.0711868 0.0638762 0.0405608 0.0715286 0.0598097 0.114788 0.100677 0.0336827 
0.0668024 0.0518798 0.00598253 0.0847511 0.0379881 0.0367484 0.0803792 0.183359 0.0980203 0.0316215 0.0392057 0.0519857 0.0584066 0.124577 0.0482925 
0.0542946 0.0628264 0.00291633 0.0650983 0.067161 0.0208425 0.0588339 0.063338 0.120053 0.0456202 0.0657059 0.138916 0.145791 0.0512044 0.0373983 
0.0727901 0.106629 0.00394312 0.0724815 0.0673951 0.0207209 0.0690927 0.0773352 0.110663 0.0420064 0.077629 0.0769603 0.0809508 0.0825928 0.0388098 
0.0475072 0.062674 0.00623567 0.0793824 0.0699939 0.0255173 0.0931481 0.0839839 0.0740892 0.0371105 0.0592276 0.112986 0.133852 0.0711521 0.04314 
0.0615481 0.117023 0.00771481 0.0807785 0.0867314 0.0319572 0.065249 0.0595228 0.0562178 0.0862084 0.0435118 0.120163 0.0994106 0.0473483 0.0366146 
0.0539167 0.0569679 0.00522011 0.0583841 0.0814004 0.0195195 0.0968066 0.0958332 0.102188 0.0344098 0.0465826 0.0670692 0.196724 0.0488891 0.0360893 
0.0530119 0.10659 0.00830794 0.10363 0.0810444 0.0411098 0.0720611 0.117677 0.093355 0.0436117 0.0563976 0.0912709 0.0341218 0.059697 0.0381146 
0.0454575 0.0436786 0.00276034 0.0498209 0.0741105 0.236114 0.0537219 0.0629423 0.0632165 0.0262538 0.0378555 0.0759514 0.0796746 0.0458911 0.102551 
0.0408309 0.0389406 0.0120824 0.107849 0.0842992 0.0322592 0.0443562 0.0525356 0.0833082 0.0533931 0.0694631 0.0465135 0.23778 0.0710856 0.0253037 
0.0426391 0.099589 0.00337269 0.102955 0.069025 0.0160067 0.0687797 0.114614 0.0887884 0.0572103 0.0497368 0.103566 0.0708365 0.0837026 0.0291777 
0.0556467 0.0396163 0.00335252 0.0400631 0.0482814 0.00912704 0.0731293 0.0847258 0.0681007 0.0838203 0.0618163 0.104656 0.0643274 0.0561326 0.207205 
0.19025 0.0371174 0.00629431 0.0609845 0.0492771 0.02265 0.0495164 0.018573 0.219481 0.0313194 0.0307486 0.0967812 0.0976807 0.0485474 0.040779 
0.0367149 0.0299585 0.00377203 0.0160999 0.0170689 0.0258982 0.124672 0.0734526 0.126945 0.0547498 0.0867124 0.0615254 0.11642 0.0863981 0.139612 
0.0539638 0.0817996 0.00567009 0.0907568 0.0632381 0.0292176 0.102766 0.0780839 0.113856 0.0438987 0.0492435 0.0900727 0.0997235 0.0547629 0.042947 
0.072586 0.0784441 0.00234877 0.0831771 0.0599994 0.0197535 0.116618 0.0771762 0.0797595 0.0385256 0.0742663 0.0485951 0.139548 0.0838504 0.0253515 
0.0636242 0.0660236 0.00567817 0.0926414 0.0874984 0.055982 0.0625894 0.0595873 0.137884 0.0586192 0.053801 0.0786159 0.0715764 0.0648605 0.0410187 
0.0333357 0.0366359 0.0083377 0.201356 0.0847239 0.0198751 0.0389814 0.102805 0.0365281 0.0278853 0.0734308 0.169573 0.056933 0.0304196 0.0791796 
0.0402733 0.0532339 0.00783049 0.0708746 0.059394 0.0431564 0.0890047 0.0623336 0.0767108 0.0577082 0.0589784 0.0554914 0.0662234 0.0864735 0.172313 
0.0476972 0.0874391 0.00364853 0.046272 0.0572689 0.01207 0.0905099 0.0647288 0.125209 0.0439472 0.0556111 0.102093 0.12712 0.0657295 0.0706551 
0.0566652 0.0383261 0.277039 0.0474031 0.0454976 0.0127242 0.0668327 0.0701367 0.0657711 0.0335027 0.0523554 0.0545998 0.103077 0.0504491 0.0256193 
0.0567428 0.0815797 0.00490312 0.0777718 0.0704454 0.0456319 0.109083 0.0812951 0.0574176 0.0552981 0.0929784 0.0631175 0.0999563 0.0701033 0.0336761 
0.0597135 0.0711543 0.00378427 0.083491 0.0638877 0.0208713 0.0927578 0.0760109 0.0726573 0.0264837 0.0929671 0.103513 0.0985427 0.0853964 0.0487692 
0.0724147 0.0718165 0.00323377 0.0806772 0.0979076 0.0111724 0.0530458 0.0812548 0.0610522 0.016976 0.0728553 0.0832213 0.225036 0.0259448 0.0433914 
0.0310789 0.0722846 0.00843697 0.0543634 0.0487922 0.207228 0.0479933 0.043864 0.0931427 0.0624196 0.043173 0.087581 0.0443747 0.089535 0.0657325 
0.0429136 0.0421654 0.232053 0.0432228 0.0324785 0.0196122 0.0434153 0.0946569 0.0470467 0.0494246 0.0706982 0.0535503 0.126454 0.048595 0.0537136 
0.0547567 0.111524 0.00573078 0.0902939 0.050912 0.0262574 0.0974775 0.0859529 0.0753433 0.0427343 0.0622028 0.087887 0.0932593 0.0776916 0.0379769 
0.0469453 0.069411 0.0836714 0.0577951 0.0744897 0.0268604 0.0782784 0.0426392 0.0902641 0.0463218 0.117867 0.0451478 0.108014 0.0605417 0.0517534 
0.0589773 0.0800498 0.0741189 0.0743003 0.0950582 0.0244613 0.068195 0.0512198 0.0974878 0.0632791 0.0561003 0.0701169 0.0603879 0.0788438 0.0474036 
0.0338936 0.0885959 0.00633459 0.0771167 0.0761241 0.0466807 0.0903007 0.039237 0.0669165 0.0853397 0.0934871 0.0677785 0.104823 0.0797781 0.0435933 
0.0378035 0.0901782 0.0219363 0.0892309 0.0549403 0.0647795 0.137995 0.0910021 0.0827832 0.0444671 0.0509023 0.105047 0.0392332 0.0633964 0.026305 
0.0378035 0.0901782 0.0219363 0.0892309 0.0549403 0.0647795 0.137995 0.0910021 0.0827832 0.0444671 0.0509023 0.105047 0.0392332 0.0633964 0.026305 
0.0520208 0.0845028 0.0032224 0.0849549 0.0695907 0.0229659 0.0775283 0.0769542 0.106759 0.0339939 0.0678316 0.0722211 0.129149 0.0759608 0.0423446 
0.0487288 0.05276 0.00480844 0.0599693 0.05908 0.124395 0.0897524 0.0856072 0.0909298 0.0337313 0.067948 0.0554406 0.113582 0.0822884 0.0309785 
0.0609078 0.126952 0.0100568 0.0364901 0.0236831 0.0254009 0.021533 0.0525088 0.292004 0.0946981 0.0277522 0.0759036 0.0944854 0.0440252 0.0135993 
0.0671052 0.0775203 0.00867429 0.0808434 0.0614018 0.0270985 0.0936149 0.0835194 0.105284 0.0533144 0.0595285 0.0777365 0.0842882 0.0543202 0.0657505 
0.0470522 0.0990215 0.0241719 0.0672092 0.0549111 0.0676296 0.169987 0.050754 0.0668369 0.0440615 0.0753938 0.0622428 0.0537487 0.0731124 0.0438676 
0.0617863 0.0783878 0.00501487 0.0650849 0.0771996 0.0342857 0.0912764 0.0762509 0.0811414 0.0720904 0.0635931 0.0628441 0.0658562 0.0754672 0.0897211 
0.0637363 0.0769835 0.0228746 0.0963652 0.0571402 0.0264714 0.104092 0.0870964 0.0411885 0.0478568 0.0706226 0.0929144 0.0850543 0.082602 0.0450024 
0.073373 0.111084 0.00658 0.0862634 0.0404661 0.0378424 0.104734 0.0430262 0.110646 0.0599868 0.0325573 0.0837502 0.0977146 0.0639927 0.0479829 
0.0228555 0.0279749 0.00319203 0.0329366 0.0241167 0.0162786 0.0417319 0.0177635 0.0211676 0.198718 0.0435756 0.00617056 0.0282229 0.0230232 0.492272 
0.0657995 0.0736572 0.013422 0.0755306 0.0703686 0.0536095 0.0800263 0.054704 0.0582278 0.0852095 0.0762421 0.0852745 0.0615626 0.0934813 0.0528845 
0.0398658 0.0433375 0.0151265 0.078791 0.063554 0.0593854 0.0626413 0.102471 0.121092 0.0535913 0.0347505 0.0701908 0.075827 0.0675622 0.111814 
0.0518495 0.0603268 0.00216356 0.0581394 0.0709803 0.0340766 0.179735 0.131606 0.0601129 0.0253047 0.0384088 0.0767962 0.144318 0.0412798 0.0249021 
0.0591557 0.0612011 0.00939718 0.0847175 0.0541982 0.050715 0.0822036 0.086635 0.104619 0.0465817 0.0563541 0.0714627 0.107283 0.0636319 0.061845 
0.0518014 0.0820622 0.00586862 0.0761346 0.0544333 0.0392964 0.0424891 0.0491825 0.0567367 0.0839309 0.0812114 0.128983 0.0921318 0.0969701 0.0587679 
0.0643613 0.0812022 0.00604872 0.0953462 0.0675438 0.0269006 0.0933472 0.0597594 0.0946631 0.055229 0.0580069 0.0807727 0.0875292 0.0517102 0.0775793 
0.0358677 0.125692 0.00665999 0.0644722 0.0415345 0.0196383 0.0903564 0.0749574 0.113608 0.0545857 0.0474987 0.0530076 0.132694 0.0521078 0.0873203 
0.0647863 0.0596122 0.0106142 0.128027 0.093585 0.0356594 0.0690615 0.0903879 0.0837939 0.047507 0.0461775 0.0729791 0.0603962 0.0807626 0.05665 
0.0592535 0.0599004 0.00319557 0.0503508 0.083994 0.0117809 0.0965363 0.107339 0.11721 0.0319922 0.045664 0.0766267 0.16168 0.0546908 0.0397856 
0.0515921 0.0614291 0.132187 0.0584576 0.0395331 0.0383797 0.0994812 0.0673818 0.0840074 0.0354627 0.07167 0.0644474 0.0771628 0.085259 0.0335486 
0.0376036 0.0926582 0.00297385 0.0765923 0.0618617 0.0455217 0.150584 0.0967371 0.144467 0.0330206 0.0551786 0.0543232 0.0673546 0.0461764 0.0349476 
0.0321985 0.0598828 0.00567986 0.0860751 0.104784 0.0124908 0.0494877 0.0860409 0.116833 0.0997854 0.0530911 0.155708 0.0692519 0.048728 0.0199624 
0.0760805 0.0584341 0.0349907 0.0590318 0.0659542 0.0555671 0.0670355 0.0588088 0.0920414 0.0537038 0.0934684 0.0796378 0.071939 0.0841321 0.049175 
0.0621754 0.0692858 0.00292906 0.0435608 0.0871258 0.0200429 0.121189 0.0549753 0.0633873 0.0495501 0.0701462 0.0664332 0.132038 0.122062 0.0350989 
0.0690892 0.048185 0.00540496 0.100166 0.0446514 0.0941465 0.0905045 0.0595598 0.0642721 0.0787063 0.0968497 0.0815426 0.0593995 0.0857491 0.021773 
0.0605062 0.0956072 0.0060277 0.103268 0.0718717 0.0580702 0.0756132 0.0657344 0.0462866 0.0913254 0.0820276 0.0915511 0.0677458 0.0527666 0.0315983 
0.0778864 0.0529235 0.0119496 0.0680229 0.034054 0.0335524 0.113173 0.09798 0.0891232 0.0524456 0.0590557 0.0604844 0.137393 0.0634215 0.0485347 
0.0694656 0.0493671 0.00826393 0.0697596 0.0699348 0.0299618 0.106258 0.0756551 0.0917594 0.0519468 0.0514109 0.0896114 0.119444 0.0838825 0.0332793 
0.110958 0.0765417 0.00957025 0.059475 0.0703446 0.0117784 0.0747029 0.0524568 0.0647625 0.036906 0.0889249 0.0677839 0.143021 0.0773943 0.0553802 
0.0518874 0.119364 0.00754316 0.130461 0.027252 0.0294295 0.0684643 0.0161739 0.0860838 0.0667314 0.0813691 0.0531739 0.0876786 0.131555 0.0428319 
0.0501428 0.065437 0.0140859 0.0546271 0.050603 0.0205856 0.0617558 0.069702 0.0672851 0.0630207 0.059551 0.104074 0.150351 0.0899532 0.0788254 
0.043615 0.0639262 0.00253361 0.083905 0.0568548 0.0186012 0.114838 0.0600756 0.132687 0.0532732 0.0700091 0.104155 0.0740413 0.0849004 0.0365853 
0.0641894 0.0684453 0.0067714 0.0679081 0.0596841 0.0175972 0.0709123 0.0570083 0.0547634 0.0398505 0.0618633 0.0661964 0.0950008 0.0492131 0.220596 
0.0480143 0.0603975 0.00359435 0.0992329 0.0568332 0.0204265 0.0949738 0.0781681 0.0911178 0.0420516 0.0653147 0.0809359 0.132179 0.0748013 0.0519595 
0.0739119 0.0727189 0.0166989 0.0836073 0.0579756 0.0428512 0.0717077 0.0539066 0.135969 0.0520649 0.0664905 0.0661011 0.0720836 0.083932 0.0499804 
0.0659378 0.0693987 0.00357799 0.104194 0.0548187 0.0191984 0.101056 0.0872556 0.0806555 0.0425332 0.0627688 0.077753 0.0871184 0.0978448 0.045889 
0.0565414 0.107546 0.00608644 0.113137 0.0769927 0.0260822 0.0716402 0.06632 0.0798629 0.0478619 0.0482884 0.0987209 0.075119 0.0720742 0.0537266 
0.0311025 0.0514938 0.163402 0.17721 0.0666976 0.0348957 0.0482414 0.0661887 0.0447446 0.0359118 0.0693874 0.0949732 0.0471624 0.02292 0.0456695 
0.00371762 0.0706801 0.000951852 0.184673 0.202569 0.054912 0.0219414 0.0206538 0.0280748 0.122106 0.0241251 0.0172393 0.191495 0.0159576 0.0409025 
0.0444828 0.0651462 0.217794 0.0642846 0.0872006 0.0217249 0.0387933 0.0780965 0.0344821 0.0797364 0.0795988 0.0740721 0.0320649 0.0545022 0.0280208 
0.023002 0.114709 0.00314527 0.157389 0.0878284 0.0074528 0.199075 0.0853727 0.0278981 0.0310603 0.084473 0.0306931 0.0676262 0.0439168 0.0363577 
0.276163 0.018645 0.00689396 0.108771 0.0404209 0.00611934 0.0476794 0.0184882 0.134793 0.0247079 0.101212 0.0141782 0.0716739 0.0167861 0.113469 
0.0631463 0.0813489 0.0056012 0.0842914 0.0492744 0.0243523 0.0833362 0.0892321 0.0936661 0.0504897 0.0556208 0.077426 0.0978414 0.0624704 0.0819026 
0.0501774 0.0551816 0.0103415 0.0628572 0.0640353 0.0160426 0.101474 0.0448397 0.0864789 0.029108 0.0458024 0.123173 0.0858406 0.0765953 0.148053 
0.0448911 0.0615098 0.0123359 0.0663562 0.0740722 0.0303341 0.0738015 0.0729303 0.0841227 0.0629227 0.0742202 0.116388 0.0899691 0.0721082 0.0640377 
0.0413084 0.0476315 0.00384776 0.0965648 0.0509414 0.0216781 0.0802881 0.0868929 0.10119 0.068186 0.0690798 0.0764623 0.123517 0.0842998 0.0481127 
0.0493326 0.0659047 0.0084452 0.0537083 0.0693453 0.0251768 0.103094 0.0722926 0.11537 0.0476024 0.0667475 0.0802922 0.0956775 0.0755986 0.0714129 
0.0566543 0.0710181 0.00448984 0.135917 0.0454048 0.0209485 0.0786566 0.0560472 0.105653 0.0543669 0.0690583 0.0715207 0.105231 0.0719881 0.0530454 
0.065148 0.0922905 0.00439927 0.0953504 0.0431517 0.0194841 0.0680531 0.0696775 0.0762573 0.050107 0.0628149 0.0725665 0.142814 0.058786 0.0790996 
0.0697237 0.0993616 0.0136537 0.0480375 0.0200122 0.0296929 0.0390762 0.0964838 0.1371 0.0746101 0.0525442 0.12703 0.0522011 0.0676351 0.072838 
0.0574524 0.0818911 0.00687762 0.0685987 0.0742997 0.0228387 0.0816931 0.103051 0.0754367 0.0496019 0.0511397 0.0845426 0.10183 0.0870213 0.0537256 
0.0427468 0.0843315 0.00421398 0.0678104 0.0541221 0.0220977 0.137657 0.0780226 0.0842057 0.045504 0.0851165 0.0817173 0.107082 0.0521729 0.0531996 
0.0605492 0.078541 0.00338555 0.0807615 0.0679349 0.0276477 0.0733244 0.0738038 0.0632165 0.0526713 0.0627938 0.0829573 0.141806 0.0845112 0.0460957 
0.054188 0.0514182 0.0161726 0.101557 0.107951 0.040642 0.0555533 0.12667 0.0859929 0.0893905 0.0436962 0.0572279 0.0796135 0.0565211 0.0334058 
0.0466127 0.0890048 0.0114665 0.11471 0.0405006 0.0576758 0.120138 0.0577026 0.103868 0.03803 0.0402333 0.0805861 0.0888309 0.087929 0.0227121 
0.057513 0.0910752 0.00733661 0.0418385 0.067131 0.0230098 0.118609 0.0781973 0.0670313 0.0537461 0.0727651 0.102231 0.103068 0.0620344 0.0544139 
0.017919 0.0216602 0.652826 0.00362934 0.00768974 0.00553573 0.0359732 0.0365687 0.0249518 0.0240737 0.0663186 0.0299397 0.0281125 0.0270488 0.0177535 
0.08066 0.0763221 0.00455615 0.06497 0.0736319 0.173144 0.0391319 0.055165 0.0825 0.0465199 0.0507499 0.0841103 0.0648897 0.0621775 0.0414717 
0.0680774 0.0694259 0.411255 0.0275213 0.0687122 0.0267422 0.0392451 0.0328484 0.0597157 0.0252452 0.0491957 0.0196509 0.0419126 0.037185 0.0232672 
0.09541 0.0548884 0.0636052 0.0920819 0.0680187 0.0197049 0.0566026 0.0668449 0.071812 0.0399563 0.0782329 0.0680067 0.0843649 0.0855122 0.0549583 
0.0716583 0.0170612 0.00502634 0.0333895 0.0340337 0.0589098 0.199278 0.0918177 0.0628514 0.0427572 0.0771017 0.0190253 0.100143 0.17838 0.00856691 
0.0577146 0.0519084 0.00942351 0.142703 0.106571 0.0294186 0.0855209 0.129418 0.0494844 0.0529206 0.0407591 0.0587348 0.0711952 0.0529953 0.0612329 
0.0475404 0.0606292 0.00552829 0.0585958 0.0500878 0.0248824 0.0809434 0.0831286 0.0711341 0.032423 0.0764558 0.109505 0.156966 0.0905912 0.0515888 
0.0616994 0.0650983 0.00388411 0.0853225 0.0591759 0.0182229 0.0788539 0.105209 0.0896073 0.0517383 0.0457022 0.0779088 0.126992 0.0681595 0.062426 
0.0637153 0.0777041 0.00281294 0.102937 0.0478464 0.0222779 0.0867663 0.089951 0.0972217 0.04598 0.0595323 0.0764251 0.134028 0.0518592 0.0409423 
0.039518 0.130494 0.00497488 0.0818437 0.180329 0.014485 0.0517678 0.0802909 0.0782853 0.0498195 0.0544035 0.0536408 0.0925734 0.0347824 0.0527912 
0.0538423 0.0672681 0.00803453 0.10115 0.0561823 0.0243824 0.0824785 0.0825672 0.10113 0.0416788 0.0766172 0.0394156 0.0963067 0.119928 0.0490182 
0.0763429 0.0562398 0.0104052 0.0594832 0.0163897 0.0149954 0.0228087 0.130819 0.0382286 0.0149525 0.0375212 0.102385 0.137773 0.0911624 0.190494 
0.0627043 0.0695728 0.0178142 0.0911024 0.0632999 0.0334973 0.0779552 0.0747779 0.0868817 0.050074 0.0675873 0.0832213 0.0968709 0.0669035 0.0577373 
0.0415969 0.0512788 0.00991497 0.055985 0.0687419 0.0580084 0.172162 0.107656 0.0551708 0.0690085 0.0347017 0.065861 0.0941064 0.051922 0.0638858 
0.0594592 0.0519121 0.00725592 0.0719119 0.0372173 0.0355062 0.116995 0.0768471 0.122363 0.0653445 0.0393965 0.111866 0.0895037 0.0759604 0.0384609 
0.0532451 0.0486942 0.00556973 0.086486 0.0556241 0.0225748 0.144274 0.0894943 0.0599388 0.0723427 0.0529566 0.0972781 0.0531766 0.0810953 0.0772493 
0.0605249 0.0725407 0.0107706 0.061412 0.11373 0.0254327 0.0489614 0.0989203 0.0701799 0.0490612 0.0999666 0.059777 0.0752539 0.0766325 0.0768362 
0.0359679 0.0348208 0.00884856 0.0949315 0.0932749 0.0408616 0.0654429 0.124595 0.0734388 0.0278211 0.0571329 0.0955723 0.118498 0.0465756 0.0822177 
0.0340506 0.100031 0.00530804 0.0607023 0.051097 0.0189502 0.0909625 0.051469 0.0967009 0.048337 0.0361085 0.0600796 0.158875 0.0555106 0.131818 
0.05237 0.179049 0.00354518 0.0728887 0.0524101 0.0192261 0.0576057 0.0845616 0.0855302 0.0301602 0.0536322 0.0580012 0.0876993 0.0549799 0.108341 
0.0473602 0.0884259 0.00383499 0.096925 0.0642211 0.0174006 0.0491854 0.0856319 0.0780572 0.0383172 0.0595409 0.0922721 0.0988198 0.141533 0.0384748 
0.0664289 0.0436811 0.0665154 0.0734921 0.0551369 0.111366 0.0801406 0.132606 0.0647715 0.0477647 0.0533021 0.0578318 0.0669929 0.0504845 0.029486 
0.0150325 0.103558 0.00262602 0.136498 0.130245 0.0219881 0.0344826 0.062409 0.135314 0.0144753 0.0571954 0.0369421 0.0967079 0.125551 0.0269758 
0.0498829 0.0536417 0.0137145 0.080912 0.0352026 0.0211069 0.116455 0.0998483 0.0341876 0.0700195 0.0830098 0.073609 0.0535279 0.182477 0.032405 
0.1838 0.04242 0.00361639 0.0563036 0.0207376 0.00493595 0.0995168 0.0751757 0.162201 0.0173275 0.0307219 0.0870869 0.138933 0.0563066 0.020917 
0.0879802 0.0641601 0.0217849 0.119868 0.0434872 0.168615 0.09165 0.0800925 0.0249936 0.0420596 0.0421585 0.0725097 0.063504 0.0540893 0.0230471 
0.0702981 0.0620289 0.00944752 0.108105 0.0369961 0.0215004 0.0504562 0.0922266 0.0819098 0.0412699 0.0439535 0.11242 0.0853378 0.0847498 0.0993001 
0.0136254 0.0358232 0.0160008 0.313193 0.0511131 0.0475038 0.032818 0.0691703 0.0439428 0.0195489 0.211075 0.0674003 0.0298376 0.0384659 0.0104825 
0.0446568 0.0762905 0.00583329 0.058662 0.0415581 0.0226277 0.106616 0.0804848 0.0935208 0.0585199 0.0645689 0.0713139 0.154689 0.0822541 0.0384041 
0.0529967 0.059886 0.00212079 0.148861 0.0223106 0.0415237 0.062413 0.1382 0.0747574 0.066217 0.0408485 0.0828855 0.0592387 0.0442644 0.103477 
0.0762121 0.0704612 0.0142684 0.07246 0.0752544 0.0370591 0.0833275 0.0702676 0.0761797 0.0558917 0.0739648 0.0710024 0.0962291 0.0693987 0.0580233 
0.0624431 0.0902489 0.0190315 0.102998 0.0745683 0.0634098 0.117253 0.102162 0.0637337 0.0399803 0.047011 0.0675394 0.0548461 0.0600384 0.0347374 
0.0611926 0.0931933 0.0142868 0.0843621 0.0554776 0.0331573 0.093417 0.0691923 0.0687346 0.0703066 0.0707315 0.092675 0.102839 0.0555243 0.0349097 
0.040729 0.130394 0.012274 0.0651498 0.0903333 0.0206048 0.0741554 0.0337849 0.0668813 0.0435879 0.130514 0.0521099 0.100953 0.0624321 0.0760966 
0.0587241 0.0377027 0.00621091 0.0573185 0.0675916 0.0348552 0.146775 0.0895923 0.120871 0.0467484 0.0612984 0.0481064 0.0989765 0.071026 0.0542029 
0.0514252 0.0990355 0.0123469 0.0663968 0.0654037 0.0368512 0.0622721 0.057343 0.105294 0.0821678 0.0759113 0.127917 0.0705895 0.0437815 0.0432648 
0.0717315 0.0965493 0.00631733 0.0649372 0.0498943 0.0192773 0.0722455 0.0523426 0.144626 0.0433175 0.0430353 0.0828605 0.135497 0.0691836 0.0481851 
0.0565802 0.0377227 0.00717967 0.0512231 0.0644327 0.326869 0.0504241 0.0483215 0.0577967 0.0383794 0.0657648 0.0449753 0.0722957 0.050831 0.0272043 
0.0683794 0.0516771 0.00267001 0.0704278 0.0313036 0.0196965 0.0873994 0.106685 0.0941383 0.0200702 0.100238 0.134808 0.117117 0.0513009 0.0440891 
0.0611226 0.05375 0.00270808 0.0792795 0.0501322 0.0245921 0.0689587 0.0986922 0.0737036 0.0601416 0.0725573 0.0599151 0.101641 0.0687061 0.1241 
0.0416069 0.0426867 0.0131411 0.07941 0.0428043 0.0279671 0.0887161 0.0468911 0.157385 0.0691714 0.0514272 0.0946546 0.128094 0.0804741 0.0355698 
0.0356398 0.0627251 0.0180305 0.0496338 0.0907391 0.0300359 0.0663262 0.0508367 0.0600072 0.0696956 0.0985087 0.0863294 0.0800112 0.0777326 0.123748 
0.094868 0.073198 0.00835768 0.0733836 0.0614107 0.036565 0.098454 0.0735123 0.0706888 0.0577737 0.0718908 0.0684347 0.102103 0.0548021 0.054558 
0.0786631 0.0884582 0.0149546 0.0796968 0.0261097 0.0285186 0.14147 0.0422257 0.0942656 0.0293395 0.0664889 0.0437265 0.11043 0.0801109 0.0755417 
0.0414822 0.109615 0.00405507 0.0792358 0.0323115 0.0226653 0.0982682 0.0629961 0.089486 0.0386897 0.0577725 0.0706171 0.128777 0.118405 0.0456232 
0.0507123 0.0709194 0.00719081 0.0658397 0.0582718 0.0208528 0.0718864 0.115383 0.0749906 0.0552274 0.0608538 0.0900543 0.135298 0.0683936 0.0541258 
0.128424 0.0498019 0.00518418 0.0306233 0.0408422 0.0161685 0.0676231 0.0697653 0.122818 0.0306297 0.0326792 0.076037 0.0621287 0.180681 0.0865944 
0.142385 0.091811 0.00378787 0.0586407 0.0289943 0.0121823 0.0696323 0.0358899 0.0593591 0.0719641 0.0349264 0.0655567 0.101495 0.0563333 0.167042 
0.0930885 0.0717801 0.00656773 0.0712646 0.0534544 0.0627448 0.176853 0.013177 0.0377874 0.0423829 0.0653813 0.190119 0.0289167 0.0522161 0.0342665 
0.0783714 0.0405864 0.0131233 0.0642692 0.117906 0.05626 0.105791 0.116908 0.0744839 0.0376009 0.0354146 0.0480066 0.062968 0.0569168 0.0913935 
0.0446985 0.0698089 0.00391245 0.0734162 0.0620164 0.0214326 0.114972 0.0833493 0.10155 0.0446879 0.0505379 0.0958057 0.118912 0.0747514 0.04015 
0.0345806 0.0658083 0.00151366 0.0737343 0.071251 0.0080965 0.0913162 0.0626709 0.102581 0.05164 0.0694088 0.053115 0.0788327 0.163689 0.0717628 
0.0459704 0.0588173 0.0167065 0.079892 0.0470641 0.0259092 0.0940325 0.0534814 0.0854522 0.051896 0.101819 0.0751388 0.0599302 0.070505 0.133386 
0.0527179 0.0439452 0.0321986 0.120878 0.10394 0.0251146 0.0541086 0.071203 0.112839 0.0527197 0.0658177 0.0388616 0.133723 0.057679 0.0342542 
0.0599035 0.0853522 0.00445029 0.0684145 0.0757235 0.0341583 0.0820234 0.0546712 0.057947 0.130244 0.0360608 0.0810521 0.062222 0.106538 0.0612395 
0.0349928 0.0600472 0.00515395 0.104472 0.0533249 0.0167757 0.0843903 0.105442 0.0910515 0.0408876 0.0571633 0.070604 0.170429 0.068525 0.0367401 
0.0546266 0.0676287 0.00585066 0.0725345 0.0582761 0.0314926 0.0747987 0.0807328 0.0769362 0.0466753 0.0557995 0.0954305 0.118803 0.108418 0.0519976 
0.071614 0.100983 0.00771073 0.0675485 0.0519522 0.0310963 0.0871655 0.0643954 0.0837743 0.0788133 0.0652644 0.0746216 0.10356 0.0693321 0.0421688 
0.158486 0.0947633 0.00628129 0.0465875 0.0876016 0.020228 0.0435929 0.0590779 0.0498297 0.0739534 0.0478561 0.122574 0.0559774 0.0950451 0.0381456 
0.0658553 0.06876 0.0039217 0.0933328 0.0561874 0.0174237 0.0879024 0.0863078 0.10283 0.036859 0.0584009 0.0810776 0.126318 0.0648439 0.0499787 
0.0731339 0.0605049 0.0360329 0.0786918 0.0614288 0.051695 0.0715583 0.0803576 0.0707955 0.0651343 0.0703801 0.0771091 0.070536 0.0722495 0.0603924 
0.0689953 0.069276 0.0141758 0.102484 0.0512203 0.0326811 0.0661487 0.0819795 0.0654768 0.0459869 0.0628183 0.082836 0.084113 0.1277 0.0441088 
0.0368809 0.079047 0.00259448 0.0878854 0.0536964 0.0121909 0.0920121 0.1012 0.142291 0.0251049 0.0477791 0.0769968 0.13428 0.0722712 0.0357695 
0.0850944 0.162761 0.00994921 0.0677876 0.0305192 0.0528221 0.0572601 0.0601463 0.0801328 0.0340321 0.0649629 0.0976855 0.0891218 0.0353278 0.072397 
0.0594908 0.0912688 0.00334134 0.0489422 0.0886877 0.0245121 0.0913593 0.0539236 0.105234 0.0441851 0.0602237 0.0846041 0.0922585 0.0934668 0.0585016 
0.0711584 0.0760631 0.00984929 0.108539 0.0502261 0.0311399 0.0582348 0.078061 0.0798259 0.0555998 0.0816463 0.084768 0.090461 0.0671595 0.0572673 
0.0560592 0.0161916 0.00639645 0.090674 0.0345663 0.124754 0.0688664 0.0807066 0.153763 0.040566 0.102242 0.0852412 0.0348463 0.0687732 0.0363535 
0.0236046 0.0649496 0.00594612 0.0630568 0.0580669 0.0143689 0.249733 0.0370563 0.0992511 0.0781958 0.0330979 0.0837683 0.0389894 0.0799071 0.070008 
0.0542544 0.0716962 0.00833958 0.0841294 0.0840838 0.0336608 0.0980117 0.0758161 0.0838686 0.0482816 0.0521965 0.065072 0.0913243 0.0762441 0.073021 
0.0542465 0.0641378 0.00246528 0.0659508 0.0721649 0.0172586 0.0819497 0.105704 0.0884285 0.0405787 0.0504636 0.0908316 0.163253 0.0645361 0.0380315 
0.0418542 0.0640371 0.00323031 0.0861209 0.0644256 0.0157777 0.0910681 0.0667069 0.0976252 0.0498084 0.0467516 0.0692007 0.12952 0.134017 0.0398564 
0.0481893 0.0782419 0.00860868 0.0878774 0.0728927 0.0608736 0.0692745 0.0757866 0.0663565 0.0373026 0.0906501 0.0917194 0.0965099 0.0598809 0.0558358 
0.053865 0.0746249 0.00459094 0.0788191 0.071386 0.0173937 0.101979 0.0726284 0.094168 0.0444726 0.0568223 0.0832062 0.117662 0.0874212 0.0409605 
0.0938258 0.0627213 0.131804 0.0733005 0.05745 0.0159655 0.0749492 0.0757727 0.0569244 0.0317333 0.092255 0.0523021 0.0859604 0.0483113 0.0467242 
0.0468761 0.0690397 0.00334105 0.0854044 0.0616709 0.017929 0.113982 0.0750861 0.0832243 0.0517295 0.0603022 0.0947376 0.122477 0.0714577 0.0427429 
0.0784035 0.0958186 0.00370232 0.0805281 0.0324219 0.0203189 0.124796 0.0608305 0.0568967 0.0607751 0.049699 0.13021 0.103609 0.0650731 0.0369167 
0.0554122 0.0999103 0.0122602 0.0511044 0.0587731 0.0339766 0.0750956 0.0716912 0.0477176 0.0463123 0.0689007 0.106705 0.071508 0.0686928 0.13194 
0.0388661 0.103516 0.00686653 0.068988 0.0378318 0.0314047 0.113846 0.0680632 0.0607369 0.0387869 0.0893528 0.0892087 0.130599 0.0872249 0.0347087 
0.0700734 0.115651 0.0267334 0.0533945 0.165775 0.0122932 0.0897364 0.0566539 0.0358734 0.0509387 0.0454598 0.112358 0.04232 0.075776 0.0469629 
0.0835928 0.128253 0.00487661 0.0527629 0.0556613 0.0159649 0.114559 0.0876192 0.06795 0.0402614 0.0598754 0.107099 0.0654353 0.0856219 0.0304676 
0.0618751 0.114331 0.0386425 0.0949506 0.0597213 0.0203632 0.0761676 0.0694566 0.0468063 0.0582331 0.0869404 0.0841219 0.0744497 0.072165 0.0417757 
0.0579178 0.0445989 0.00327216 0.0623801 0.124335 0.0175361 0.0810789 0.105797 0.106489 0.032094 0.0429115 0.0682638 0.153013 0.0648663 0.0354472 
0.0567557 0.0677642 0.0057989 0.10346 0.0411528 0.0308608 0.142726 0.0564414 0.0753625 0.0580666 0.0700109 0.0608744 0.0750822 0.110451 0.0451931 
0.0413344 0.0686331 0.00827136 0.0763867 0.0597727 0.0556733 0.0831587 0.0728325 0.108722 0.0855627 0.0511164 0.0960191 0.115492 0.046868 0.0301581 
0.025044 0.072961 0.00628233 0.0426466 0.0978592 0.186209 0.0822978 0.0754732 0.0359238 0.0569204 0.0428711 0.0658816 0.140213 0.0415088 0.0279085 
0.0314606 0.0613685 0.00859657 0.0640231 0.0621279 0.102303 0.0794677 0.0503578 0.104303 0.0889561 0.0453731 0.0761027 0.103873 0.0761935 0.0454936 
0.056704 0.0614672 0.00212993 0.0386399 0.0609846 0.0335703 0.0761616 0.0800158 0.0968133 0.0826029 0.0844595 0.0726345 0.056924 0.123664 0.0732283 
0.0529956 0.0780956 0.00376023 0.0621928 0.0500732 0.0206111 0.0975137 0.0705491 0.084522 0.042661 0.0572064 0.0907367 0.118576 0.0722955 0.0982105 
0.0545187 0.105246 0.00641338 0.0552211 0.0958731 0.00940638 0.156562 0.0681332 0.0965552 0.0509576 0.0725391 0.0354087 0.0533896 0.104145 0.0356305 
0.0758005 0.0480698 0.00429384 0.140696 0.0451823 0.0389872 0.0784338 0.0940527 0.0561698 0.0406995 0.0531588 0.0886843 0.0964918 0.0581715 0.081108 
0.0360361 0.0911626 0.0122641 0.0761001 0.0911459 0.0301191 0.0759756 0.0744916 0.0929162 0.0629155 0.0581772 0.0758755 0.129095 0.0673964 0.0263292 
0.0460652 0.0430841 0.0429409 0.0688941 0.0611495 0.034245 0.164834 0.134214 0.0802928 0.0439487 0.0329079 0.107274 0.0535876 0.057722 0.0288392 
0.0846564 0.129969 0.00471422 0.0528022 0.0562441 0.0163105 0.113212 0.091535 0.0678644 0.0402114 0.05698 0.106913 0.0647717 0.0836795 0.0301369 
0.172716 0.0483281 0.0478171 0.125046 0.0225849 0.0480293 0.0229925 0.099123 0.0486824 0.0730979 0.0477816 0.0229868 0.0232774 0.0990565 0.0984805 
0.038915 0.0494104 0.0109186 0.0237942 0.0462933 0.135463 0.198598 0.042942 0.117195 0.0348518 0.0406789 0.0469344 0.0478346 0.13576 0.0304105 
0.0374218 0.0478535 0.0137731 0.118856 0.0310544 0.0490815 0.143162 0.0807526 0.105299 0.069413 0.0810234 0.061812 0.0365629 0.10879 0.015145 
0.0413821 0.0960195 0.0037708 0.0897954 0.0725563 0.0219473 0.0776575 0.0769647 0.0890701 0.0513524 0.0682493 0.0724591 0.115535 0.076255 0.0469852 
0.0765176 0.0831879 0.0154712 0.0463593 0.0810494 0.0621353 0.0861656 0.0403959 0.101301 0.0796828 0.092236 0.0557198 0.0591827 0.072763 0.0478323 
0.0621692 0.0336731 0.0589688 0.0885997 0.065392 0.0296475 0.125086 0.0905378 0.105758 0.0405866 0.0762908 0.0438089 0.053125 0.0698895 0.0564679 
0.0224959 0.0353726 0.00436326 0.129764 0.0659341 0.0110896 0.112157 0.0823346 0.0825854 0.101494 0.0602495 0.0299116 0.0946519 0.138154 0.0294432 
0.0477709 0.073187 0.009202 0.0812763 0.0970731 0.0270439 0.0814494 0.0894063 0.0812869 0.0342386 0.0519041 0.0669919 0.117664 0.0828377 0.0586678 
0.0966809 0.0975087 0.0146998 0.0547056 0.0482909 0.0143577 0.074297 0.0786217 0.0701153 0.101526 0.0562889 0.109334 0.0886705 0.0585919 0.0363117 
0.0486009 0.098472 0.00828771 0.0875585 0.0639926 0.0293664 0.0743999 0.0682563 0.0631564 0.0629228 0.0588697 0.0519527 0.0974192 0.0880452 0.0986997 
0.0406298 0.0783133 0.00343959 0.0784868 0.0671248 0.0188881 0.0956558 0.0517603 0.0927676 0.0595536 0.0618993 0.108299 0.122672 0.0781882 0.0423217 
0.0436268 0.0434828 0.00275751 0.0978454 0.0791311 0.014752 0.0762757 0.048695 0.253984 0.084552 0.0178544 0.0647467 0.0647919 0.101617 0.00588781 
0.0224647 0.0268412 0.0130781 0.106644 0.205354 0.0493887 0.0307301 0.0203396 0.0760473 0.0527263 0.0506839 0.0255516 0.0367911 0.129703 0.153657 
0.0318929 0.0963248 0.00324708 0.0402734 0.0510017 0.0145445 0.0230722 0.0114868 0.0275738 0.0271654 0.0362518 0.0468273 0.036274 0.0716366 0.482428 
0.0460345 0.0242348 0.0184022 0.165679 0.0424438 0.0707613 0.0828345 0.0580058 0.0509066 0.00539894 0.0648241 0.071496 0.0934124 0.13488 0.0706852 
0.0445362 0.0549904 0.00683293 0.070088 0.0568713 0.0157739 0.0930462 0.044861 0.0981787 0.0427914 0.0585682 0.211747 0.0837273 0.070677 0.0473101 
0.104839 0.0295031 0.00672347 0.0803534 0.0813599 0.0532855 0.0996526 0.045443 0.117245 0.0282659 0.0804586 0.117703 0.0728454 0.0412701 0.0410529 
0.053628 0.0670996 0.00343073 0.0811698 0.0661216 0.0198894 0.0893479 0.0965257 0.111076 0.0390105 0.0748697 0.0987624 0.113227 0.0458507 0.0399912 
4.51756e-05 0.00382735 0.000309372 8.91438e-05 2.74584e-05 0.00304732 5.07805e-06 9.44141e-05 2.6132e-05 0.987168 1.90863e-05 1.78639e-05 7.6015e-05 0.000814504 0.00443283 
4.51756e-05 0.00382735 0.000309372 8.91438e-05 2.74584e-05 0.00304732 5.07805e-06 9.44141e-05 2.6132e-05 0.987168 1.90863e-05 1.78639e-05 7.6015e-05 0.000814504 0.00443283 
0.0824945 0.0799222 0.010133 0.052901 0.09894 0.0481241 0.124695 0.0456745 0.106236 0.0539936 0.0497694 0.0340314 0.0662913 0.0758931 0.0709003 
0.0685398 0.0650435 0.00329464 0.0874047 0.046987 0.0187109 0.0801918 0.103171 0.0899018 0.0432046 0.0629892 0.0824595 0.12392 0.0799947 0.0441874 
0.0703771 0.0819673 0.00420654 0.0506341 0.0639895 0.0248785 0.117826 0.0956702 0.0917625 0.035419 0.0422201 0.0806702 0.106167 0.050986 0.0832254 
0.067037 0.057728 0.00955951 0.136548 0.0445123 0.0272622 0.122631 0.0986948 0.0379367 0.0543116 0.0588812 0.104931 0.0763931 0.0625725 0.0410011 
0.0502545 0.0954464 0.00376591 0.0766196 0.0736442 0.0214398 0.101927 0.0718604 0.0823772 0.0327923 0.0705076 0.072775 0.109174 0.101669 0.035747 
0.0447801 0.127071 0.0135035 0.0667318 0.0457025 0.0491863 0.0744234 0.100372 0.0758524 0.0640547 0.0675589 0.091726 0.0600454 0.0694525 0.0495398 
0.0596793 0.0514654 0.255001 0.0868821 0.0430611 0.0131804 0.0562182 0.0475839 0.0693323 0.0407905 0.044675 0.0616101 0.0697623 0.0513346 0.0494243 
0.0649334 0.0833262 0.00385537 0.0913596 0.0642049 0.024636 0.100553 0.0529519 0.0744111 0.0452728 0.10178 0.0984922 0.0893857 0.065475 0.0393633 
0.154962 0.0896675 0.00350844 0.0734049 0.0563782 0.0134136 0.0485461 0.0788948 0.058136 0.0504026 0.0951636 0.0853869 0.07858 0.0515146 0.0620405 
0.0717951 0.0482353 0.00373573 0.069709 0.0580821 0.0566607 0.0825807 0.0642121 0.0655899 0.0272668 0.0511358 0.0634459 0.0997386 0.0568986 0.180914 
0.0717228 0.0796972 0.00328455 0.0651871 0.0509278 0.0185986 0.10986 0.106513 0.136011 0.0325861 0.0584889 0.0459906 0.113512 0.0884719 0.0191488 
0.0575574 0.0805339 0.00669687 0.1059 0.056154 0.0188275 0.0748842 0.0875386 0.116686 0.0429863 0.0530669 0.0916003 0.100391 0.0632791 0.0438975 
0.0397759 0.0633377 0.00976213 0.0698995 0.0650189 0.0387961 0.110601 0.112838 0.0976613 0.0424917 0.0666479 0.109914 0.0662576 0.0576191 0.0493797 
0.0433366 0.0453628 0.00378403 0.0648501 0.0824287 0.112608 0.0998634 0.0625884 0.0783978 0.039344 0.0608563 0.0648279 0.0967499 0.0739382 0.0710642 
0.0450621 0.0792095 0.00700662 0.0792218 0.0542113 0.0233597 0.080695 0.0675332 0.0877347 0.0814447 0.0581263 0.0850298 0.108392 0.0896115 0.0533624 
0.0350841 0.0551477 0.0297307 0.0643754 0.162512 0.176249 0.0371934 0.0509747 0.0508148 0.036557 0.0670832 0.0966241 0.0368035 0.0597315 0.0411196 
0.0471183 0.0824886 0.00886602 0.0649238 0.0971283 0.071598 0.0645718 0.0567079 0.0707591 0.0772735 0.0578763 0.142003 0.0603583 0.0383048 0.0600218 
0.0394572 0.0909642 0.0055277 0.0990185 0.04667 0.0383266 0.100998 0.047958 0.121498 0.0456667 0.0647421 0.0603511 0.0865661 0.0884077 0.0638481 
0.0752244 0.0670059 0.00211127 0.0566874 0.0720992 0.0216315 0.0861829 0.102274 0.0980195 0.0465834 0.0365455 0.0911622 0.149582 0.058805 0.0360857 
0.090007 0.0461009 0.141691 0.0687297 0.0484845 0.0234253 0.0360577 0.0721129 0.0855385 0.0224329 0.089789 0.0644606 0.112483 0.0713922 0.0272955 
0.0570937 0.0885297 0.00978498 0.0851291 0.0655698 0.0387237 0.0842196 0.0818949 0.0717288 0.0417032 0.0471233 0.113318 0.136126 0.034329 0.0447258 
0.0393304 0.0526714 0.00435665 0.0899413 0.0491279 0.021174 0.164834 0.0619279 0.0947822 0.0655154 0.0656697 0.0803809 0.106375 0.072856 0.0310567 
0.0676706 0.0671287 0.00644141 0.0549931 0.0636814 0.0384611 0.062682 0.157905 0.0666639 0.0404149 0.0510475 0.0747149 0.07055 0.05699 0.120655 
0.0240966 0.0752591 0.00459799 0.0242315 0.0189262 0.534902 0.131241 0.0357222 0.0261842 0.0123597 0.0185706 0.016522 0.040539 0.0208399 0.0160076 
0.0706439 0.095415 0.0229792 0.0495203 0.0535811 0.0374522 0.0761721 0.0695158 0.0892163 0.0467868 0.0774373 0.046097 0.110968 0.0900918 0.0641237 
0.0477861 0.0562828 0.0292486 0.0810049 0.106543 0.0313973 0.0742598 0.0786493 0.0869865 0.0485181 0.0548578 0.0634843 0.139864 0.0675375 0.0335803 
