0.105211 0.0498201 0.0590395 0.0213305 0.0624302 0.0269014 0.0106811 0.0434062 0.0720588 0.0647206 0.0686115 0.0723218 0.00769309 0.0480214 0.0580366 0.018901 0.0839879 0.0418712 0.0466656 0.0382902 
3.99684e-06 4.72436e-06 2.94683e-06 4.95971e-05 9.44298e-07 6.15503e-05 0.350098 3.82412e-06 9.59024e-07 1.89518e-06 2.91285e-06 1.16234e-06 0.649747 3.34725e-06 3.7006e-06 7.78908e-07 7.11978e-06 3.1599e-06 7.97048e-07 1.87328e-06 
0.0934821 0.0765708 0.034484 0.0281803 0.0316791 0.0714579 0.0121491 0.0322556 0.0531742 0.0608286 0.0733667 0.0942942 0.0138473 0.023494 0.053557 0.0178725 0.0299917 0.0648283 0.070381 0.0641056 
0.0567965 0.0363011 0.0782691 0.024637 0.0376505 0.0201654 0.00675068 0.109711 0.0321638 0.0274489 0.0364462 0.129346 0.0119371 0.0834685 0.068417 0.0282001 0.036093 0.0283635 0.0878682 0.0599662 
0.0786684 0.0404384 0.0622425 0.035175 0.067641 0.0233342 0.00679626 0.0625338 0.0870095 0.033922 0.0586706 0.0871232 0.00710262 0.0447138 0.0543423 0.0244306 0.0824149 0.0361197 0.0827519 0.0245695 
0.0422153 0.0468451 0.0439643 0.0485826 0.0672674 0.0346037 0.00595316 0.0743265 0.0812951 0.0322825 0.0545599 0.0569201 0.00629537 0.0638758 0.0423655 0.024408 0.0945959 0.0583814 0.08343 0.0378325 
0.0672576 0.0372619 0.0399659 0.0349783 0.0535442 0.0243654 0.00713859 0.0605016 0.198412 0.0206017 0.0717288 0.108891 0.00636866 0.0481897 0.0378381 0.0211341 0.0397955 0.0313183 0.0371739 0.0535347 
0.0477863 0.0329267 0.0482094 0.0187594 0.0380375 0.0535319 0.00713139 0.102961 0.0833647 0.0588614 0.085432 0.0704417 0.00507916 0.0488225 0.0477684 0.0188675 0.0721084 0.0438598 0.0732142 0.0428363 
0.00163008 0.00493553 0.00438115 0.00685608 0.00206125 0.827664 0.00589476 0.00160763 0.00233531 0.00141902 0.0015163 0.00157361 0.00174195 0.0024727 0.00296601 0.0490477 0.00485968 0.00913827 0.00467875 0.0632207 
0.0496834 0.0316558 0.0460898 0.0423022 0.0764853 0.024006 0.00555252 0.0649863 0.0867225 0.0235334 0.0625827 0.0673485 0.00474831 0.0354026 0.0637343 0.0257089 0.104942 0.0307318 0.0640019 0.0897821 
0.0576774 0.0369901 0.0837882 0.0171523 0.0586115 0.0323587 0.0024183 0.0627815 0.0557105 0.020627 0.0563403 0.0589428 0.0117912 0.0646901 0.116528 0.0239692 0.0945411 0.0348503 0.0898724 0.0203595 
0.0653271 0.0529039 0.094032 0.0271131 0.0402167 0.0726461 0.0619862 0.0526994 0.0292222 0.0191335 0.0459946 0.0534123 0.00878971 0.050945 0.0394442 0.0153393 0.0500137 0.076942 0.13203 0.0118092 
0.0686595 0.0232582 0.0513106 0.0192191 0.0589649 0.0469354 0.0146862 0.0452406 0.0352757 0.0150291 0.125699 0.0227118 0.00670293 0.0471072 0.0660929 0.215633 0.0492598 0.0272196 0.0186947 0.0422992 
0.114735 0.034622 0.0471279 0.0294389 0.0558931 0.0311115 0.0171575 0.0628965 0.0453863 0.0505976 0.0693689 0.0591133 0.0119452 0.0432195 0.0449826 0.0162444 0.0824904 0.0339852 0.073497 0.0761875 
0.0607997 0.0319161 0.0510165 0.0287268 0.0806583 0.024207 0.0085035 0.0816305 0.0719673 0.0225155 0.0715614 0.0956233 0.00399918 0.0459819 0.035978 0.0242158 0.0882914 0.0424629 0.0915462 0.0383988 
0.107463 0.0532003 0.0312707 0.0258179 0.0644451 0.0148719 0.00737006 0.0645529 0.140841 0.0159404 0.0746946 0.0744574 0.0148865 0.0457903 0.0410348 0.0132666 0.0292006 0.0479379 0.0799303 0.0530271 
0.0643276 0.0670506 0.0456801 0.0695649 0.0755587 0.0202351 0.00559808 0.10567 0.0180585 0.0456289 0.0893306 0.108479 0.0266959 0.0477893 0.0239498 0.025889 0.054871 0.0412113 0.0356715 0.0287405 
0.0529194 0.0441346 0.0460359 0.0435808 0.0575564 0.0462891 0.0153264 0.0397892 0.081169 0.0342802 0.0609817 0.0550926 0.00683174 0.0622902 0.0657621 0.0358513 0.111991 0.0333791 0.0552533 0.0514863 
0.0750624 0.0582744 0.0253214 0.0164048 0.142929 0.0296847 0.0421758 0.0159307 0.0151343 0.10144 0.0312302 0.058007 0.0479557 0.10552 0.0437808 0.0599331 0.0126299 0.0238638 0.0217997 0.0729231 
0.0577426 0.0296347 0.0613929 0.0264836 0.0887485 0.061429 0.0257486 0.039555 0.0426176 0.0327089 0.0891481 0.04555 0.00659902 0.0590189 0.0439681 0.0357995 0.0504837 0.115923 0.0475615 0.039887 
0.0831112 0.0144118 0.0433329 0.0340224 0.0779445 0.0215684 0.0148516 0.0284974 0.108807 0.224578 0.035383 0.0888172 0.00598036 0.0540259 0.0272859 0.0102817 0.0438664 0.0229792 0.0327492 0.027505 
0.0478393 0.0803106 0.0531866 0.0506827 0.0712267 0.0228288 0.011733 0.0715144 0.0648199 0.0307455 0.0793894 0.0384789 0.0155054 0.0692363 0.0481172 0.031263 0.0639765 0.0749731 0.0520817 0.0220909 
0.064464 0.0832105 0.117483 0.0274967 0.0446363 0.0257312 0.00543924 0.0431751 0.0768593 0.00820287 0.040841 0.0598233 0.0165209 0.0726772 0.0289874 0.00733275 0.0501341 0.034451 0.0917572 0.100777 
0.0587729 0.0426782 0.0614816 0.0434987 0.0572129 0.0504094 0.0158289 0.0601164 0.0631588 0.038154 0.072455 0.0664197 0.0171013 0.0609387 0.061952 0.0287059 0.0590739 0.0469954 0.0562152 0.0388312 
0.0619397 0.0703226 0.0394841 0.026451 0.0375084 0.0241602 0.0842068 0.0585845 0.0438299 0.152579 0.0262341 0.0491334 0.0718586 0.0501106 0.034047 0.0152357 0.0271369 0.0183339 0.0685915 0.0402528 
0.0288971 0.0201199 0.0974513 0.0300116 0.030078 0.0420645 0.0048351 0.0709154 0.0639423 0.0605653 0.0986633 0.0636976 0.0123066 0.0451369 0.024319 0.0258202 0.056443 0.0437802 0.0851572 0.0957954 
0.0293545 0.0355625 0.0715308 0.0202573 0.0292557 0.0660414 0.00537325 0.047568 0.0658948 0.0545379 0.0644728 0.0978049 0.00662301 0.0367848 0.0677347 0.0589665 0.0528893 0.0261889 0.146067 0.0170915 
0.0668139 0.0978414 0.0520031 0.0220911 0.126792 0.0352615 0.00789548 0.0450484 0.0456399 0.032292 0.0557109 0.0858325 0.00451642 0.0524394 0.0371806 0.0190191 0.0661038 0.0566786 0.0675732 0.0232661 
0.0373643 0.0516682 0.0775274 0.0253408 0.0554805 0.0269171 0.00659571 0.0973113 0.0588905 0.024391 0.0854091 0.0867484 0.00513426 0.0641371 0.0418412 0.0179101 0.0522276 0.0550832 0.0803282 0.0496939 
0.0911422 0.0417358 0.0614822 0.0327254 0.0421662 0.0457991 0.0131318 0.0466463 0.0911426 0.0643572 0.0360427 0.0896845 0.0078168 0.0387824 0.0397963 0.0201947 0.0858161 0.0309841 0.0881574 0.0323964 
0.0687646 0.0307183 0.034643 0.0394845 0.130204 0.0253345 0.00385657 0.150939 0.0643189 0.0402199 0.046934 0.0504822 0.00457346 0.0338076 0.0325451 0.0342134 0.0242305 0.0372266 0.119526 0.0279779 
0.0774876 0.0195184 0.0458543 0.0288259 0.0680921 0.0363784 0.00481459 0.06257 0.0736847 0.0280379 0.0363296 0.0563717 0.00623533 0.0370414 0.0706467 0.0244536 0.13083 0.0566276 0.0995522 0.0366484 
0.0680907 0.0383111 0.033144 0.0265573 0.0703115 0.0325414 0.00704797 0.109784 0.0722698 0.0222732 0.0705642 0.0917994 0.00575265 0.0447086 0.0283659 0.0549177 0.0626119 0.0412296 0.0823607 0.0373587 
0.0811396 0.0480798 0.0498925 0.04074 0.0580212 0.031742 0.0115716 0.0520029 0.103688 0.0262702 0.0581834 0.0486516 0.00842099 0.043683 0.0665807 0.0507436 0.061351 0.036573 0.0648011 0.0578642 
0.0700516 0.0340846 0.0825551 0.0277192 0.0671154 0.0528314 0.0242574 0.0525931 0.0838001 0.0383907 0.0809878 0.0766654 0.0103019 0.0351758 0.0422114 0.0232672 0.0726538 0.0436791 0.045192 0.0364669 
0.0647613 0.0863287 0.0491018 0.0332208 0.0547888 0.0358905 0.00928895 0.05204 0.0875387 0.0493963 0.0657001 0.0632906 0.00552729 0.0459493 0.0521558 0.0268469 0.044437 0.0526354 0.0611652 0.0599367 
0.035574 0.0391219 0.109429 0.0294902 0.0584249 0.0310781 0.0109586 0.076945 0.0481329 0.0283835 0.0629726 0.0764709 0.00439861 0.0469362 0.0464616 0.0198792 0.100258 0.0352278 0.0886609 0.0511968 
0.0529662 0.0388851 0.0361774 0.0334883 0.0512774 0.0121672 0.00773819 0.0478631 0.0782384 0.0440049 0.0969937 0.128298 0.00982612 0.0569748 0.035186 0.0226889 0.0548274 0.0473316 0.084888 0.060179 
0.0662289 0.0416757 0.0522076 0.024969 0.067117 0.0497087 0.00429151 0.0855566 0.0492953 0.0256291 0.0563903 0.0686987 0.00808036 0.0946142 0.0702797 0.0226297 0.0937861 0.047914 0.0414407 0.0294867 
0.0325822 0.0388182 0.0491168 0.0228774 0.049513 0.0366525 0.00700165 0.0396552 0.0612763 0.0215548 0.0652601 0.0466389 0.00389505 0.028307 0.0411313 0.258177 0.0866922 0.042414 0.0435866 0.0248498 
0.0720129 0.0812987 0.0341222 0.0258587 0.0263682 0.0295518 0.0167165 0.101805 0.0751333 0.0274964 0.069798 0.0725531 0.010788 0.0490027 0.0551384 0.0265338 0.0898426 0.0210252 0.0696699 0.0452848 
0.0676551 0.0385335 0.0542407 0.0443927 0.070759 0.0263255 0.00720231 0.0619982 0.071898 0.03873 0.0719867 0.0965213 0.00603265 0.0511226 0.0514959 0.0243767 0.0609376 0.0464155 0.0726978 0.0366782 
0.056939 0.0607165 0.0657753 0.0466815 0.0578669 0.0248791 0.0135267 0.0517137 0.0805368 0.0387423 0.0553777 0.0637925 0.0133533 0.0455442 0.0486631 0.0358358 0.10941 0.047633 0.0455117 0.0375012 
0.0597254 0.0580075 0.0340805 0.0370607 0.0673463 0.0419922 0.00972943 0.0756392 0.0648745 0.0524463 0.0758216 0.0790112 0.0110547 0.0352597 0.0685753 0.0306709 0.0684892 0.0324181 0.0711271 0.0266703 
0.0428096 0.0519858 0.0415302 0.0283373 0.0439249 0.0356494 0.00755679 0.0647333 0.0907816 0.0173492 0.0867706 0.0873135 0.00826266 0.0361385 0.0849016 0.0222016 0.0869736 0.0543909 0.06246 0.0459287 
0.0710925 0.0275365 0.0596144 0.0236166 0.0503393 0.0226622 0.0137848 0.0552283 0.0599774 0.0396074 0.0755971 0.0569764 0.00441168 0.0645928 0.0352853 0.0240041 0.0856331 0.0792007 0.108648 0.0421916 
0.0553925 0.0379724 0.0559557 0.0372492 0.0714792 0.0367013 0.00664994 0.0851255 0.0546147 0.0316 0.0516267 0.117747 0.00549053 0.0542914 0.0572584 0.0166819 0.0918596 0.0411186 0.062421 0.0287643 
0.0717673 0.0524539 0.045596 0.0329067 0.0555226 0.0317621 0.0112991 0.0529367 0.0839528 0.0211574 0.0783836 0.0623658 0.00725098 0.0924998 0.0559092 0.0341225 0.0515043 0.0440225 0.0634115 0.0511753 
0.0713586 0.0565229 0.0343972 0.0357333 0.0470749 0.0670344 0.0110143 0.0587586 0.0481541 0.0518882 0.0525273 0.0721899 0.0219025 0.0726383 0.043516 0.0274823 0.0846844 0.0658713 0.0405554 0.0366962 
0.0799785 0.0422217 0.0535312 0.0447383 0.0506211 0.0280537 0.00730007 0.0545233 0.0991296 0.0273522 0.058905 0.0799145 0.00752679 0.0503157 0.0565002 0.028908 0.0890488 0.0323128 0.0636353 0.0454835 
0.0739783 0.055696 0.0489593 0.0297167 0.0709706 0.0599746 0.0182981 0.0407917 0.0356322 0.0531296 0.0582413 0.131062 0.01151 0.0506865 0.0198569 0.0178004 0.0884115 0.0510203 0.0436848 0.0405795 
0.0481051 0.024553 0.0599937 0.0239086 0.0407878 0.0249427 0.00895618 0.0573112 0.0660286 0.0603324 0.0496033 0.0564865 0.0044144 0.0292182 0.0465489 0.241934 0.0440237 0.030081 0.0478406 0.0349301 
0.0357123 0.0963113 0.0171041 0.0320963 0.048095 0.0536849 0.00233363 0.0750939 0.0347381 0.0366277 0.0738269 0.0434726 0.00746438 0.148424 0.0635131 0.0314231 0.0564912 0.0264132 0.0605135 0.0566609 
0.089215 0.0463696 0.0469837 0.0252697 0.0496865 0.0240369 0.00445485 0.0370073 0.175201 0.0196042 0.0497956 0.0529988 0.00406165 0.0305105 0.0511664 0.037847 0.0699037 0.0248677 0.142046 0.0189742 
0.0860446 0.0229475 0.0610195 0.03457 0.0559884 0.0199804 0.00570335 0.0358627 0.0496057 0.110532 0.0269753 0.121451 0.0114338 0.0327221 0.0566638 0.010901 0.0721856 0.0600065 0.0928243 0.0325822 
0.0610644 0.0621807 0.0161976 0.0417295 0.0412803 0.0238502 0.00305239 0.0679392 0.0855643 0.0164576 0.0667826 0.0540966 0.0170126 0.0881151 0.0545027 0.00436692 0.0602245 0.169559 0.0482817 0.0177422 
0.0526825 0.0267367 0.0377517 0.0150309 0.0398681 0.00613858 0.0035827 0.0108348 0.146497 0.0152015 0.0764125 0.0796004 0.00536322 0.173595 0.0291641 0.016502 0.0517954 0.0506911 0.149798 0.0127536 
0.0923229 0.0526438 0.0735439 0.0292867 0.0430271 0.02781 0.00734842 0.0685924 0.0648804 0.0400375 0.0499491 0.0628822 0.00671083 0.0543772 0.0486079 0.0255119 0.0801089 0.062867 0.0698861 0.0396057 
0.0835622 0.0299828 0.027565 0.0296631 0.0513125 0.0307294 0.00503745 0.0469919 0.0925664 0.0368042 0.0833307 0.0883614 0.00368482 0.0291297 0.0834762 0.0229547 0.105138 0.035191 0.0828729 0.0316461 
0.0607173 0.0420335 0.0538708 0.0361488 0.0294651 0.0343641 0.00969005 0.0335267 0.0440431 0.0304029 0.072775 0.0666638 0.0132551 0.057906 0.0997108 0.0463194 0.0705143 0.0525771 0.107316 0.0387003 
0.0786308 0.0191504 0.0548221 0.0247773 0.0693942 0.0403475 0.00658187 0.0726454 0.102511 0.0299522 0.0761957 0.1249 0.00265842 0.0347299 0.027525 0.0186014 0.0447629 0.112238 0.0407545 0.0188215 
0.066399 0.0515413 0.0774082 0.0237744 0.0464052 0.0251767 0.0128863 0.0725655 0.0501149 0.12343 0.0424664 0.0500714 0.0082725 0.0424883 0.0504517 0.0301202 0.0580372 0.0624357 0.0791123 0.0268432 
0.0833367 0.0341157 0.0484366 0.0216297 0.066554 0.0226767 0.00508279 0.0526806 0.0889417 0.0288097 0.0911846 0.0561084 0.00779872 0.0504551 0.0560592 0.0209647 0.0851341 0.055582 0.0758292 0.04862 
0.0827273 0.0280732 0.0367567 0.0300487 0.0351925 0.0224918 0.185563 0.031732 0.0683268 0.0239557 0.0504433 0.0414762 0.134067 0.0279756 0.0352714 0.0132627 0.054383 0.0238794 0.0414039 0.0329698 
0.047952 0.065561 0.0598802 0.0320847 0.0526712 0.032125 0.00544451 0.059624 0.0590453 0.0251683 0.102414 0.0619503 0.00752779 0.0698947 0.0530521 0.0473894 0.0643858 0.0339742 0.0672078 0.052648 
0.0531399 0.0372643 0.0664256 0.0351991 0.0581643 0.0223666 0.0052269 0.0481683 0.0854471 0.028557 0.121898 0.0910086 0.00384085 0.0397529 0.0338931 0.0186749 0.0888083 0.0390716 0.0878626 0.0352298 
0.0344005 0.0681305 0.102472 0.0232203 0.0801744 0.0320268 0.00531264 0.0458998 0.0493917 0.0508309 0.0844304 0.0412985 0.00728181 0.0714214 0.0322472 0.0211427 0.0751111 0.0982785 0.0469423 0.0299865 
0.0496435 0.0284031 0.0955165 0.0348538 0.0346074 0.0409086 0.0167292 0.0580334 0.0468068 0.0425427 0.0319358 0.0783765 0.0165116 0.0326724 0.0748384 0.189609 0.0246847 0.0265341 0.0303051 0.0464875 
0.038608 0.0610094 0.0328321 0.0178511 0.0324469 0.0537858 0.116395 0.0540632 0.066994 0.0261264 0.0607663 0.067406 0.142092 0.0196666 0.0427202 0.0135149 0.0610465 0.0387661 0.0258384 0.0280706 
0.0689453 0.0431286 0.0397793 0.0324471 0.0638849 0.0202984 0.00779139 0.0741593 0.0758718 0.0365567 0.0666709 0.0751992 0.00584429 0.0586943 0.0660472 0.0232897 0.085424 0.0445067 0.0625944 0.0488666 
0.050969 0.0358828 0.0485736 0.0416011 0.031243 0.0639588 0.0483819 0.0582627 0.0461194 0.0336874 0.105623 0.0529338 0.0737731 0.0368978 0.030581 0.0438926 0.0573931 0.0576299 0.0463307 0.0362655 
0.0361708 0.03207 0.0481096 0.0269994 0.0539006 0.0435556 0.0671408 0.0655163 0.0614431 0.0295049 0.0563029 0.0817528 0.0488118 0.0525518 0.0596185 0.021483 0.0769738 0.0358084 0.0734903 0.0287954 
0.0856505 0.0854179 0.0418828 0.0271509 0.0481258 0.0381242 0.0146649 0.0359397 0.0338776 0.0369523 0.048208 0.070879 0.0140141 0.057326 0.0308486 0.0399661 0.0805757 0.0648544 0.0764077 0.0691338 
0.037011 0.0281106 0.0300867 0.0169929 0.166235 0.02443 0.0321015 0.078561 0.0671829 0.0238172 0.0864808 0.0867817 0.0142598 0.0648851 0.0271484 0.088541 0.0434985 0.0400377 0.0225949 0.0212432 
0.037011 0.0281106 0.0300867 0.0169929 0.166235 0.02443 0.0321015 0.078561 0.0671829 0.0238172 0.0864808 0.0867817 0.0142598 0.0648851 0.0271484 0.088541 0.0434985 0.0400377 0.0225949 0.0212432 
0.116463 0.0400301 0.0464685 0.0228513 0.0651852 0.0328831 0.00678322 0.064505 0.0690922 0.0273036 0.0599972 0.066221 0.00710061 0.0775037 0.0537435 0.0216976 0.0952426 0.0357455 0.0548711 0.0363117 
0.0588253 0.037106 0.0365704 0.0599101 0.0450147 0.0447736 0.00634597 0.0491437 0.0848488 0.0262929 0.0513168 0.071609 0.00606012 0.041352 0.044745 0.127198 0.0680895 0.043818 0.0611174 0.0358627 
0.0207909 0.0271599 0.0592651 0.0500637 0.012997 0.0318705 0.0182101 0.0962936 0.0335227 0.02552 0.112404 0.0748508 0.00751021 0.097002 0.0283573 0.0211907 0.109392 0.0194353 0.090543 0.063621 
0.0651377 0.036214 0.0557141 0.0418644 0.0447822 0.0324967 0.0105931 0.0655927 0.0683172 0.0348129 0.0634609 0.0557768 0.00978289 0.0666967 0.0689 0.0340122 0.0717997 0.0371795 0.0786468 0.0582193 
0.0318399 0.0635587 0.0577154 0.0510472 0.0767827 0.0508996 0.0231867 0.0505439 0.100183 0.0356344 0.0467521 0.0739406 0.016331 0.068432 0.0247198 0.031221 0.0368718 0.0825105 0.0414644 0.0363653 
0.0514645 0.0419739 0.0592201 0.0446201 0.034128 0.078363 0.0121777 0.0619951 0.0473634 0.0682731 0.0672169 0.0876557 0.00730148 0.0632227 0.0681129 0.0240063 0.0428953 0.0444883 0.0525862 0.0429353 
0.0412848 0.0391933 0.0585209 0.0239943 0.0838713 0.044065 0.0210329 0.0609531 0.0526127 0.0195391 0.0810123 0.084485 0.022605 0.0470367 0.0380979 0.0262844 0.0755296 0.0300721 0.09791 0.0518994 
0.0529621 0.031503 0.0606419 0.0154865 0.0734144 0.01607 0.00888606 0.0457228 0.0758788 0.0668106 0.0245905 0.151142 0.0118691 0.0924627 0.0460974 0.0211826 0.0919542 0.0211151 0.0778699 0.0143407 
0.0124511 0.0159418 0.0422797 0.460644 0.0103082 0.0888324 0.0055765 0.0211608 0.0172929 0.00619752 0.0103525 0.0155781 0.00246124 0.037428 0.00571331 0.00822539 0.0303492 0.0156004 0.0176564 0.175951 
0.0452794 0.0503078 0.0507457 0.0411763 0.0492564 0.0564355 0.0280525 0.0564359 0.0501811 0.0447835 0.0518484 0.0740982 0.0185614 0.0578369 0.0475593 0.0373603 0.0466108 0.0688431 0.0741942 0.0504334 
0.0566188 0.0575744 0.0432822 0.0278616 0.112433 0.015714 0.0086616 0.0706446 0.0524903 0.0695483 0.0769235 0.107661 0.00718643 0.0420929 0.0503369 0.0206861 0.0436807 0.0447312 0.0379729 0.0539002 
0.0473766 0.0328948 0.0566742 0.0697833 0.040606 0.02263 0.0217798 0.070886 0.042364 0.0599813 0.0813377 0.0648803 0.00337265 0.0800559 0.0197053 0.0393306 0.117287 0.0363761 0.0725519 0.0201262 
0.0775612 0.0581564 0.049383 0.0348615 0.0456311 0.0809483 0.00994185 0.0841931 0.0465612 0.018323 0.036889 0.0791832 0.0149918 0.0568565 0.0974344 0.0170893 0.0491853 0.0324845 0.0766285 0.0336969 
0.046944 0.128085 0.0518482 0.0319107 0.0271767 0.0411798 0.00805052 0.0631694 0.0405882 0.0422331 0.118836 0.0497874 0.00424715 0.0649371 0.0390599 0.0129032 0.0549903 0.038156 0.06771 0.0681871 
0.0599592 0.0504856 0.0609506 0.0398321 0.0540988 0.0294503 0.0116418 0.0613719 0.0699139 0.0531795 0.0923782 0.0961931 0.00648587 0.0311054 0.0625436 0.0267976 0.056589 0.0366437 0.0611021 0.0392779 
0.0575871 0.0472551 0.0425254 0.0352762 0.0395551 0.0235158 0.0152395 0.0751669 0.0639041 0.039278 0.106252 0.0776359 0.011991 0.0685274 0.0432706 0.0136245 0.0698093 0.0414671 0.0591711 0.068948 
0.0554303 0.0386347 0.081072 0.0215688 0.0706312 0.050041 0.00520498 0.0815987 0.0952494 0.033038 0.0559764 0.0471574 0.00705803 0.0496043 0.0709689 0.0328243 0.0509686 0.0360032 0.0590273 0.0579427 
0.0951006 0.0390115 0.0585851 0.0339403 0.0600628 0.0318711 0.00664578 0.0536357 0.115552 0.0209615 0.0516517 0.0482854 0.00603303 0.0408606 0.0683742 0.0257828 0.0790466 0.029376 0.0809181 0.0543057 
0.0875762 0.0367591 0.0416852 0.0632324 0.0440468 0.029334 0.0846009 0.0550252 0.118387 0.0137793 0.056532 0.0549543 0.0752772 0.0483284 0.0203634 0.0222605 0.0548875 0.02066 0.0422897 0.0300211 
0.113549 0.0495921 0.0479404 0.0680299 0.0577527 0.022772 0.00478316 0.0412191 0.0886455 0.014678 0.0872757 0.0647894 0.00506882 0.0531647 0.048711 0.0225712 0.0690081 0.0230637 0.0821658 0.0352197 
0.0538921 0.0375149 0.0402966 0.0163939 0.0179259 0.0754606 0.0229768 0.0932644 0.090751 0.0249297 0.0440858 0.0401251 0.00958163 0.0268598 0.0798432 0.0274015 0.109146 0.0777098 0.0580449 0.0537966 
0.0512621 0.0578934 0.0674816 0.0511292 0.0590936 0.0685559 0.03855 0.0433474 0.0304786 0.0447252 0.0791797 0.047586 0.0280999 0.0475526 0.0430567 0.0344652 0.0489338 0.0775116 0.0458463 0.0352511 
0.0528601 0.0534319 0.0361646 0.0783191 0.0742054 0.0131177 0.00833738 0.0401634 0.0356573 0.0339763 0.0845755 0.0537462 0.00938767 0.0681952 0.10569 0.0306019 0.0617738 0.05815 0.0610089 0.040638 
0.101068 0.210951 0.0305101 0.0503514 0.0633658 0.0394552 0.0143858 0.0579401 0.0161086 0.0274163 0.0906732 0.0754219 0.00575348 0.0198777 0.0682524 0.0170449 0.0351733 0.016772 0.0452415 0.0142368 
0.0671626 0.0809767 0.0370226 0.0332814 0.075347 0.0469618 0.011034 0.0557783 0.0520138 0.0300836 0.0713712 0.0472743 0.00914128 0.0441009 0.0602423 0.0302768 0.0658085 0.0856259 0.0526811 0.0438158 
0.0785531 0.0411652 0.0249913 0.0324496 0.0734665 0.0224367 0.00841105 0.0631679 0.0851566 0.0281144 0.0596147 0.0826114 0.0214274 0.0638329 0.0613469 0.0393682 0.0858748 0.0292217 0.0503262 0.0484636 
0.091816 0.0390369 0.0470554 0.0271853 0.0646169 0.0307844 0.0121255 0.0535224 0.110674 0.0309991 0.0643432 0.0502311 0.00580108 0.0451509 0.0689996 0.0406123 0.0744605 0.0292431 0.0772619 0.0360802 
0.0759664 0.116933 0.0318862 0.0173834 0.0263964 0.0168281 0.0176194 0.0583442 0.0726381 0.0197801 0.0717561 0.0715453 0.00760954 0.0944096 0.0261393 0.0434385 0.0491144 0.0474031 0.115199 0.01961 
0.100427 0.10271 0.0483586 0.0287035 0.0694585 0.0239728 0.00388538 0.0548866 0.0726995 0.0233941 0.0930911 0.0226779 0.00732125 0.044824 0.0384739 0.0275703 0.0537142 0.0434918 0.0869773 0.0533616 
0.0476781 0.0835494 0.0544276 0.0276837 0.0480123 0.0431569 0.0243704 0.0742168 0.0764247 0.0387095 0.0462745 0.105905 0.0115169 0.0401651 0.0513901 0.0255933 0.0797469 0.0258836 0.0496955 0.0455996 
0.0930795 0.036924 0.0573239 0.0377204 0.0408863 0.0274598 0.00550358 0.0725768 0.0831801 0.022104 0.0572976 0.0552204 0.00482135 0.0768621 0.0815307 0.0129939 0.0625513 0.0430717 0.0895973 0.0392953 
0.0507959 0.035935 0.0399882 0.0464442 0.0554592 0.0277377 0.01363 0.0437743 0.0659214 0.202479 0.0449524 0.0498169 0.0116629 0.0329975 0.0424087 0.0239859 0.0722782 0.0352845 0.0457259 0.0587223 
0.0823382 0.0520472 0.0613582 0.0207904 0.060765 0.035557 0.00717755 0.0517041 0.0697152 0.0369886 0.0675957 0.103499 0.00530609 0.0451105 0.0452466 0.0288039 0.0580761 0.0538402 0.0849497 0.0291302 
0.0500846 0.0463564 0.0482237 0.032449 0.0789917 0.0418664 0.013694 0.0405774 0.133787 0.0309863 0.0322865 0.098915 0.016229 0.0355377 0.0329156 0.032284 0.0411872 0.0454529 0.109744 0.0384325 
0.0666064 0.0414272 0.0514248 0.0305978 0.0775745 0.032817 0.0059826 0.0536465 0.0814027 0.0382435 0.0589095 0.0852118 0.00607634 0.0377879 0.0582438 0.0229674 0.0900107 0.0521816 0.0722083 0.0366797 
0.0581635 0.0442043 0.043865 0.0453349 0.0460688 0.0620614 0.0102662 0.0761697 0.0667059 0.0182547 0.0425512 0.101724 0.0080699 0.0571038 0.0438643 0.0226584 0.0792985 0.0452023 0.0772096 0.051224 
0.039936 0.0264533 0.0545526 0.0180291 0.0369999 0.11228 0.0979934 0.101315 0.0318674 0.0198583 0.0246641 0.0336731 0.0911779 0.0461583 0.0394725 0.0113785 0.0302512 0.135011 0.0307684 0.0181595 
0.13844 0.0211612 0.0336873 0.0144522 0.226993 0.0076656 0.00128566 0.050578 0.162834 0.0456053 0.0179631 0.00209667 0.00236147 0.0289938 0.00106356 0.0417698 0.04813 0.0795096 0.0717158 0.00369327 
0.0250319 0.0649733 0.0291428 0.0340097 0.0388802 0.0340562 0.114375 0.0432031 0.0438387 0.0248374 0.0660542 0.053813 0.121799 0.0608596 0.0820054 0.0154336 0.0274054 0.0474499 0.0209488 0.0518819 
0.0147503 0.0755947 0.0569698 0.0153403 0.0194704 0.0546025 0.00469912 0.0485604 0.0807292 0.0513868 0.132569 0.104723 0.0103333 0.134027 0.025164 0.0542941 0.0491311 0.0218517 0.0313381 0.014465 
0.0542546 0.0222035 0.0298487 0.0149736 0.00946665 0.0190115 0.00967255 0.0755315 0.136757 0.0218253 0.0116988 0.15262 0.00579502 0.0197693 0.0243077 0.0101067 0.248217 0.071869 0.0184912 0.0435794 
0.0709184 0.0418393 0.0583393 0.0290154 0.0644465 0.0338443 0.0100958 0.0581593 0.0777733 0.0778894 0.05862 0.0984239 0.00835917 0.0524882 0.046364 0.0190486 0.0524373 0.0364804 0.0683627 0.0370949 
0.0418952 0.046341 0.0740415 0.088418 0.152464 0.029568 0.00640032 0.0358334 0.0404592 0.0217522 0.0316973 0.0378269 0.00797573 0.0367646 0.0727421 0.022347 0.093225 0.036622 0.0887973 0.0348296 
0.0387513 0.135211 0.0503041 0.0231932 0.0777365 0.0645365 0.0233425 0.0661113 0.0640677 0.0425267 0.0509549 0.0529981 0.026201 0.0466429 0.0414036 0.0238371 0.0452003 0.0433179 0.0487948 0.0348684 
0.0777021 0.0404457 0.0435647 0.01755 0.0630179 0.0282854 0.00850739 0.0868907 0.0730005 0.0319984 0.0726695 0.122141 0.00610557 0.0589125 0.0516611 0.0185843 0.0562234 0.0557165 0.047074 0.0399494 
0.0404381 0.0409268 0.0743758 0.0277549 0.0741709 0.0222514 0.0147822 0.05547 0.0649814 0.0475802 0.0959061 0.0599715 0.00674266 0.0424114 0.0407417 0.0212135 0.124802 0.036339 0.067721 0.0414192 
0.0683231 0.0514665 0.0315685 0.0267034 0.0542237 0.0531654 0.00721284 0.087093 0.101746 0.0225863 0.0599076 0.075792 0.00529634 0.0514718 0.063138 0.0335033 0.0546711 0.0563231 0.0708113 0.0249964 
0.0487914 0.0379736 0.0529073 0.0374318 0.0674799 0.0338968 0.00612972 0.0661437 0.0899141 0.051168 0.0640649 0.0797572 0.00891981 0.0350913 0.0376789 0.024981 0.0929893 0.0357949 0.0607743 0.0681121 
0.0875383 0.0617685 0.0601451 0.051234 0.0762793 0.0381523 0.0137019 0.0557498 0.0752584 0.0668103 0.0427039 0.0398498 0.0103392 0.0281245 0.0528029 0.0246567 0.0608005 0.0460775 0.0527787 0.0552288 
0.0638276 0.0543581 0.0355756 0.0376357 0.0640616 0.0500199 0.00752065 0.0563938 0.0975476 0.0346144 0.0508162 0.0612028 0.00595903 0.0797292 0.0483432 0.0199377 0.0589869 0.0515504 0.0850357 0.0368838 
0.0579444 0.0388029 0.0464405 0.020564 0.0658927 0.0359517 0.00612774 0.0834192 0.075063 0.0435489 0.0533838 0.0880867 0.00558928 0.0528808 0.0421725 0.0211566 0.0958389 0.0490088 0.08583 0.0322976 
0.0581472 0.045715 0.0353797 0.0188733 0.0522417 0.0352522 0.0140829 0.0593743 0.102381 0.0213963 0.0769842 0.134946 0.00523212 0.0442765 0.046396 0.0184739 0.0767901 0.0355384 0.0908351 0.0276844 
0.0697581 0.0658172 0.0638134 0.030592 0.0510838 0.0275308 0.0247766 0.0537224 0.0595407 0.0687228 0.0773575 0.0965671 0.011665 0.0373211 0.0516147 0.0333732 0.0325486 0.0275069 0.0697895 0.0468988 
0.0846118 0.0546812 0.0328025 0.00950382 0.075885 0.033802 0.00772857 0.0327061 0.168797 0.0359161 0.0651787 0.0823332 0.00755306 0.038004 0.0220603 0.0212041 0.0671583 0.067174 0.0689303 0.0239701 
0.0507496 0.037455 0.0421049 0.0239676 0.0602914 0.0468111 0.0156097 0.0905332 0.083904 0.0495102 0.0489999 0.0543798 0.0159838 0.0627804 0.0370584 0.0273128 0.0841985 0.066032 0.0515167 0.0508011 
0.00421091 0.00403528 0.0313923 0.00803335 0.00959097 0.00163761 0.30009 0.0182986 0.0464538 0.0112718 0.0131561 0.0394935 0.373919 0.0254602 0.0090476 0.00520109 0.00915995 0.0135875 0.0466063 0.0293547 
0.075278 0.0567265 0.0561267 0.0246681 0.0366528 0.0286223 0.0102751 0.033311 0.0550318 0.036672 0.0346465 0.0934439 0.0052752 0.0406677 0.0314288 0.178374 0.0450538 0.0336148 0.0760132 0.0481175 
0.0223448 0.0480571 0.00846513 0.015541 0.0357504 0.0525982 0.0764322 0.00866798 0.0178208 0.0237065 0.0302929 0.0203326 0.343611 0.0349584 0.120754 0.00819526 0.0235099 0.029744 0.0290778 0.0501399 
0.046922 0.0399715 0.0402129 0.0390425 0.0517379 0.058937 0.0629052 0.0455146 0.0937824 0.0316003 0.0733359 0.0555566 0.05319 0.044497 0.0483222 0.0187682 0.0648585 0.0428086 0.0547845 0.0332523 
0.0317324 0.0361916 0.116913 0.0124998 0.0494595 0.0356064 0.00231398 0.0476757 0.047002 0.0597608 0.053836 0.0119167 0.0050503 0.0507219 0.0368025 0.00796637 0.179619 0.0422413 0.146754 0.0259368 
0.0513094 0.0637631 0.0519632 0.0351852 0.0652887 0.0556477 0.0167847 0.0441292 0.0351699 0.0437653 0.0503703 0.0488455 0.0165562 0.0890504 0.0753754 0.0353131 0.0263449 0.0804057 0.0791787 0.0355533 
0.0570306 0.0377309 0.0582858 0.0276961 0.0331006 0.0344815 0.00339039 0.122281 0.0748572 0.0234148 0.0670121 0.148007 0.00364706 0.0442145 0.0331678 0.023372 0.074032 0.0207442 0.0732881 0.0402465 
0.0763764 0.0442271 0.0361807 0.0263117 0.0544958 0.034352 0.00533583 0.0756879 0.0761702 0.0455146 0.0496534 0.0723947 0.00862497 0.106526 0.0446547 0.0221596 0.0674551 0.0297593 0.0958497 0.0282708 
0.05358 0.0508611 0.0611102 0.0343159 0.068453 0.0354224 0.00616021 0.0717604 0.0737111 0.0289468 0.0636554 0.0433781 0.00762464 0.0498856 0.0861941 0.0198591 0.0612281 0.0385112 0.08866 0.0566827 
0.0310143 0.0226225 0.067109 0.024842 0.0588023 0.00720616 0.0125132 0.0722079 0.0545788 0.025411 0.174255 0.106866 0.00539507 0.0609355 0.0467017 0.0297857 0.0530536 0.0327936 0.0687668 0.0451408 
0.0307369 0.0328816 0.0707726 0.0394988 0.068154 0.051489 0.0129152 0.0826668 0.0853912 0.0397606 0.0440782 0.110538 0.00613933 0.0568996 0.04365 0.0343323 0.0600782 0.0553858 0.0419244 0.0327077 
0.0167232 0.0255357 0.202238 0.10614 0.0550666 0.0619169 0.00860659 0.0584536 0.0167758 0.0224582 0.0950848 0.0881124 0.00582059 0.0241004 0.0434632 0.0198443 0.10291 0.0164919 0.0137687 0.0164898 
0.0577913 0.0457901 0.0587129 0.0365702 0.0611749 0.0437199 0.0168874 0.0681329 0.0639527 0.040699 0.066128 0.0620304 0.0192494 0.0475833 0.0568535 0.0338573 0.0573151 0.0535822 0.063683 0.0462865 
0.0825669 0.0325539 0.0174169 0.0119182 0.101058 0.0515875 0.0218572 0.0626298 0.0878178 0.0336681 0.0327034 0.126975 0.00718668 0.0775314 0.0298897 0.0198767 0.0990796 0.0288835 0.0577534 0.0170469 
0.0675772 0.0466486 0.0390618 0.0235827 0.0944375 0.0197703 0.0116434 0.0419011 0.0222706 0.0311575 0.0340981 0.123852 0.00556912 0.0260402 0.0337223 0.0179953 0.0368028 0.201252 0.079181 0.0434364 
0.108429 0.0257346 0.0538094 0.0269864 0.0460387 0.0261215 0.00998697 0.0937018 0.0765955 0.045339 0.0590001 0.0820559 0.00725483 0.050497 0.0549033 0.0272018 0.0702763 0.0431712 0.0633591 0.0295374 
0.10351 0.0622546 0.0164248 0.0297538 0.039576 0.0813556 0.00931189 0.0734526 0.110381 0.0187901 0.0461313 0.0361888 0.00596771 0.0646752 0.0735144 0.0427932 0.0763227 0.0278886 0.0586312 0.0230761 
0.0853329 0.0381894 0.0423333 0.0224093 0.0520799 0.131142 0.048994 0.0571474 0.0362838 0.0370833 0.0479077 0.0454841 0.00804423 0.0543134 0.0196358 0.0122846 0.111007 0.0974276 0.0350355 0.0178642 
0.0414934 0.0417119 0.0370384 0.0259849 0.0429723 0.0421592 0.00639358 0.0728228 0.0425365 0.0623511 0.0500058 0.102595 0.00659469 0.0771709 0.0825455 0.0288638 0.0645162 0.0755558 0.0705438 0.0261441 
0.0563621 0.0316324 0.0488416 0.0246637 0.0372047 0.0380343 0.00666351 0.0770485 0.0671577 0.0690135 0.0590903 0.174817 0.00616906 0.0434316 0.0340167 0.0184206 0.0735198 0.0281373 0.0818921 0.0238836 
0.0691504 0.0295191 0.0910735 0.0320889 0.0934071 0.0272688 0.00640958 0.0950954 0.0658882 0.0308379 0.0504295 0.0634205 0.00492222 0.0490643 0.0511666 0.0122972 0.0646827 0.0485683 0.0764641 0.0382459 
0.0683382 0.0977504 0.0640094 0.042004 0.0475245 0.026925 0.0282537 0.0385108 0.0281246 0.0290342 0.0441426 0.0513888 0.0672851 0.035636 0.0462617 0.0791714 0.0368042 0.0382305 0.0699543 0.0606508 
0.0522136 0.0775512 0.0095911 0.00874208 0.0904842 0.0340891 0.0101717 0.091878 0.156909 0.0145285 0.102963 0.0108277 0.00323707 0.0492074 0.0334185 0.0346472 0.0634687 0.0548505 0.0766178 0.0246036 
0.0657261 0.0682146 0.12056 0.0551888 0.0964256 0.0161921 0.0304502 0.0381483 0.0431304 0.0355291 0.0306203 0.0318632 0.00572085 0.0762691 0.0250065 0.0148484 0.059306 0.0288007 0.0581033 0.0998965 
0.0521046 0.0276394 0.0658727 0.0249218 0.0554032 0.0585416 0.00336456 0.06424 0.0282125 0.0553489 0.0551935 0.0197734 0.00889242 0.0969038 0.0818643 0.018093 0.0393454 0.0215998 0.115556 0.107128 
0.0269227 0.0638949 0.0608215 0.0380495 0.0623868 0.0269832 0.023261 0.0297719 0.024533 0.0293887 0.0534372 0.0510844 0.0160154 0.0375722 0.0480035 0.134051 0.0375691 0.042837 0.135673 0.0577442 
0.0599716 0.0675159 0.0558168 0.0410447 0.0403429 0.0929219 0.0125531 0.0764228 0.054207 0.0525531 0.0422984 0.0617545 0.0129714 0.0330303 0.0301405 0.0296733 0.0458553 0.0694111 0.0716129 0.0499026 
0.232791 0.0504135 0.0295448 0.01144 0.0858552 0.122632 0.014622 0.0467175 0.0104614 0.042519 0.0308759 0.0414807 0.0111247 0.0724542 0.019246 0.0115833 0.048085 0.0706674 0.0311403 0.0163466 
0.0807656 0.0300924 0.0394961 0.0249154 0.0632262 0.0235021 0.00813752 0.0625497 0.0721782 0.0330485 0.0835298 0.0817537 0.00489945 0.0711048 0.0558622 0.0250871 0.0981837 0.0340543 0.0694004 0.038213 
0.15335 0.0513117 0.0218392 0.0310496 0.0474632 0.0404708 0.0123196 0.0464266 0.0952284 0.0170174 0.0708437 0.133512 0.0122625 0.0374394 0.0144053 0.0201179 0.0423215 0.017427 0.10282 0.0323746 
0.0726993 0.0453722 0.0545346 0.0346605 0.0518495 0.0365834 0.0159291 0.0580294 0.0622833 0.0349545 0.0557334 0.0696787 0.0142331 0.0719191 0.0329048 0.0259245 0.079252 0.0631617 0.0758645 0.0444322 
0.0260927 0.0380004 0.0900202 0.0456606 0.0564819 0.0302642 0.0164341 0.138193 0.0309025 0.0256752 0.0368897 0.0382645 0.0180576 0.0636529 0.0538272 0.0518948 0.0912656 0.0812867 0.0307548 0.0363812 
0.0608431 0.0476394 0.0417947 0.0320431 0.0538317 0.0543902 0.0307564 0.0579599 0.0459899 0.040321 0.0627104 0.0917431 0.0133934 0.0473885 0.0431762 0.0221563 0.0549048 0.0635189 0.066337 0.069102 
0.0967928 0.0598886 0.063545 0.037507 0.0330877 0.0492256 0.0181095 0.0553882 0.0534074 0.103168 0.0760444 0.0370247 0.0134416 0.0612778 0.0350173 0.0203947 0.0308167 0.0585402 0.0639664 0.0333565 
0.0395885 0.0585494 0.0425396 0.0240875 0.0447933 0.0330457 0.00650041 0.081073 0.110855 0.0561322 0.059541 0.050924 0.00521319 0.0271185 0.0380979 0.0664958 0.0405715 0.0511219 0.104987 0.0587649 
0.0553604 0.0755032 0.0507735 0.0355309 0.036813 0.0297025 0.0209566 0.0567961 0.049934 0.0430838 0.0697746 0.051779 0.0246948 0.0582423 0.0372036 0.0271179 0.0745948 0.0972131 0.050677 0.0542489 
0.0640345 0.0683906 0.061975 0.036186 0.0572107 0.0293133 0.0102909 0.0938137 0.055708 0.0429704 0.0620651 0.0604162 0.0131452 0.0430584 0.0246646 0.0236803 0.0801599 0.0686766 0.0681701 0.0360703 
0.0264186 0.0251621 0.0480148 0.0201018 0.0498127 0.0308743 0.00691443 0.0379949 0.0419697 0.0163614 0.0564731 0.0476909 0.0076429 0.0394338 0.0616652 0.32676 0.0501595 0.0325246 0.0468341 0.027191 
0.0515073 0.0280242 0.0598009 0.01652 0.0865004 0.0253807 0.00756568 0.110429 0.0947134 0.0202897 0.054585 0.0612132 0.00587801 0.0596255 0.0290254 0.0261829 0.0656904 0.0856025 0.0869706 0.0244947 
0.0570334 0.0475319 0.0401337 0.0493785 0.0652126 0.0258031 0.00816743 0.0776018 0.062091 0.0904141 0.0485107 0.0778593 0.00473467 0.0633603 0.0322974 0.0232532 0.075954 0.0327982 0.0741169 0.0437478 
0.0225176 0.0483441 0.0389725 0.0155842 0.0835043 0.0457523 0.0309931 0.0851604 0.0601932 0.0197516 0.0549317 0.100796 0.0172107 0.0309364 0.0849516 0.0176693 0.0741741 0.0390719 0.053441 0.0760439 
0.0399165 0.0561028 0.0465464 0.0409044 0.0482886 0.0633716 0.0255449 0.0610754 0.0556529 0.0514687 0.0547644 0.0628287 0.00944322 0.0706149 0.0431767 0.0372087 0.0630726 0.0591018 0.0728162 0.0381005 
0.0654761 0.0475147 0.0792076 0.0426684 0.0456768 0.0396273 0.00928041 0.0700426 0.0614649 0.0339017 0.076232 0.0705594 0.0109088 0.0353195 0.0523299 0.0320684 0.0912878 0.0448329 0.0447389 0.0468618 
0.0663573 0.0595004 0.0388721 0.0358056 0.0425153 0.0528568 0.00734901 0.0402656 0.0626255 0.0198299 0.0556324 0.0651955 0.0128688 0.0684124 0.0941232 0.0399111 0.0993129 0.0242772 0.0786486 0.0356404 
0.0628281 0.0740239 0.0332602 0.0310698 0.11508 0.0348564 0.00851437 0.0542676 0.0670649 0.0397139 0.0706837 0.0512592 0.00436955 0.0523345 0.0484573 0.0318466 0.0604246 0.0377707 0.0640823 0.0580925 
0.0347355 0.0382851 0.0682804 0.0385911 0.0652096 0.0368053 0.0154515 0.0594301 0.064552 0.0253045 0.0524986 0.0836503 0.00876964 0.0718381 0.0393042 0.0350726 0.0547955 0.0309766 0.104824 0.0716253 
0.0440327 0.0461432 0.0685742 0.0191595 0.0559118 0.0381324 0.023707 0.0234313 0.0971261 0.0582297 0.0830593 0.0620334 0.00616712 0.0816648 0.0566981 0.012314 0.0677706 0.0277212 0.105827 0.0222967 
0.0526887 0.0249593 0.0728987 0.0297233 0.0548153 0.0456466 0.0143707 0.052705 0.0574486 0.119196 0.056956 0.0917424 0.00558252 0.0501996 0.0258948 0.0214498 0.0425462 0.0484624 0.100234 0.0324807 
0.0392845 0.262434 0.0297572 0.0185907 0.0337618 0.0143322 0.00570248 0.0632608 0.0585146 0.0279836 0.123336 0.0379658 0.0133082 0.033002 0.0882598 0.0388193 0.00699054 0.0560295 0.00823679 0.04043 
0.0395246 0.0819208 0.0447447 0.0347574 0.0496384 0.0235416 0.0750415 0.0515634 0.0765905 0.0290759 0.0703715 0.039587 0.0112675 0.0444475 0.0352953 0.0383125 0.0878393 0.0284426 0.0789384 0.0590997 
0.0782882 0.0515014 0.0424097 0.0304211 0.0692175 0.0236728 0.00657927 0.0803747 0.0807008 0.0341056 0.0562097 0.0737082 0.0044194 0.0769598 0.0637985 0.0213556 0.0707303 0.0444655 0.0577034 0.0333786 
0.0455557 0.0404009 0.0300664 0.0331657 0.0766553 0.0253902 0.00407168 0.0394487 0.12642 0.0291433 0.0500893 0.0593182 0.00689022 0.0207148 0.19503 0.0264246 0.0507961 0.0307487 0.0582894 0.0513806 
0.0997436 0.0585303 0.0839235 0.0266941 0.0459773 0.0694729 0.0125813 0.0225587 0.0856504 0.028979 0.0805949 0.0668792 0.00876068 0.0517584 0.0603231 0.0231007 0.0684279 0.0445885 0.0378413 0.0236145 
0.0411318 0.0338629 0.0288903 0.044359 0.0380723 0.0282319 0.0165483 0.0460589 0.034149 0.0327053 0.151972 0.0573852 0.019552 0.0841651 0.0740492 0.0546284 0.0501424 0.0671875 0.0469265 0.0499822 
0.0586309 0.057157 0.0685582 0.033834 0.0431867 0.0165135 0.0101122 0.0443065 0.0998241 0.0258798 0.0667502 0.0690438 0.0164976 0.0493993 0.0674983 0.028354 0.0755128 0.0761459 0.0477486 0.0450465 
0.0685549 0.0532233 0.0488845 0.029018 0.111767 0.0480675 0.00702494 0.0833771 0.0839782 0.0269623 0.0753398 0.050966 0.00637445 0.034571 0.0616207 0.0291862 0.0639896 0.0329572 0.0536719 0.0304654 
0.056397 0.0294872 0.0575526 0.0285802 0.0837641 0.0366888 0.00685955 0.0599545 0.0940449 0.0190009 0.0656081 0.0789956 0.0100314 0.0714832 0.0500315 0.0348631 0.0665812 0.0523591 0.070874 0.0268432 
0.0629224 0.0506182 0.066926 0.0515439 0.0664108 0.0391468 0.00899464 0.0514767 0.0692 0.0283464 0.0622583 0.0533963 0.00866386 0.0637027 0.0468543 0.0195732 0.0810332 0.0455273 0.0722474 0.0511574 
0.043239 0.0769599 0.0724683 0.0275212 0.0518525 0.0452872 0.0131392 0.155438 0.0850205 0.0295941 0.0209955 0.0541246 0.0114046 0.0387918 0.0377751 0.0250978 0.0885992 0.0411463 0.0615932 0.0199519 
0.0603799 0.0368682 0.0633638 0.029812 0.061395 0.0379477 0.00685756 0.0678637 0.0799726 0.0349773 0.0758758 0.0683778 0.00617524 0.0444355 0.0619522 0.0218935 0.0770754 0.0585214 0.0680181 0.0382372 
0.0566308 0.0540281 0.052819 0.0517309 0.049295 0.0473116 0.0338723 0.0561864 0.0533188 0.0395081 0.0503838 0.0568511 0.0304658 0.0538778 0.0594195 0.036587 0.0586774 0.0504178 0.0572003 0.0514183 
0.0742274 0.0316897 0.0340358 0.0416104 0.0573141 0.0623535 0.0140569 0.05304 0.107095 0.0613277 0.0463723 0.0727087 0.0124345 0.046295 0.0551456 0.0231717 0.0621437 0.0393375 0.0639172 0.0417232 
0.137594 0.0227601 0.0767113 0.0338575 0.0451793 0.0202522 0.00650204 0.0638512 0.0734984 0.0407856 0.0563165 0.054051 0.00959138 0.0473151 0.0385584 0.0325676 0.104136 0.0388325 0.0666622 0.0309775 
0.0441454 0.0392151 0.0522263 0.0805889 0.0375129 0.0934549 0.00411853 0.0573224 0.0556508 0.0869011 0.0887959 0.107393 0.0142888 0.0265471 0.088425 0.0189319 0.0433904 0.0262602 0.0172426 0.0175888 
0.0669111 0.047345 0.0602616 0.0562491 0.0874488 0.013227 0.00445762 0.0631006 0.0785134 0.0342021 0.0437948 0.074822 0.0100226 0.0774435 0.0557422 0.0245729 0.0559224 0.0737328 0.0499715 0.0222591 
0.0569697 0.0407567 0.0660908 0.042376 0.063817 0.0482047 0.0136695 0.07118 0.0835638 0.0324788 0.0624934 0.0520416 0.0128143 0.047088 0.0477901 0.0234201 0.0677906 0.0592421 0.0672647 0.0409479 
0.0187268 0.160202 0.14521 0.0217047 0.0478026 0.082256 0.00482514 0.0245141 0.0492599 0.0688207 0.0655983 0.0221294 0.0208153 0.0555966 0.0187268 0.0147227 0.00257557 0.00914402 0.132015 0.0353545 
0.0339442 0.0333924 0.0556659 0.0266694 0.0587696 0.111216 0.0120664 0.118224 0.042451 0.0396476 0.0652848 0.0394077 0.00847452 0.0690969 0.0248016 0.0551017 0.0700335 0.0402729 0.0427915 0.0526884 
0.0672701 0.0680382 0.0398187 0.0333727 0.0491553 0.0357044 0.0115771 0.0588056 0.0721705 0.0446662 0.0722041 0.105076 0.0143843 0.0513042 0.0423064 0.0328088 0.0581538 0.0431157 0.0553123 0.0447561 
0.0818946 0.0424769 0.0441904 0.0263852 0.0656866 0.0312962 0.00831489 0.0592682 0.118628 0.0284502 0.05549 0.0644272 0.00489425 0.047443 0.0619913 0.0254463 0.0785634 0.0337297 0.0715088 0.0499152 
