0.16247 0.218804 0.314796 0.087859 0.216071 
4.15059e-05 0.00148444 0.000197533 0.998133 0.000143813 
0.194263 0.210163 0.274419 0.123422 0.197734 
0.229354 0.0876893 0.177087 0.0850029 0.420867 
0.162482 0.254525 0.274568 0.117173 0.191252 
0.198281 0.208914 0.277898 0.139081 0.175827 
0.133682 0.235939 0.344518 0.145145 0.140716 
0.131181 0.240774 0.319335 0.0823134 0.226397 
0.383232 0.223909 0.230184 0.0792992 0.0833762 
0.114794 0.194537 0.368482 0.1353 0.186886 
0.218675 0.204343 0.249205 0.104537 0.223241 
0.275846 0.138314 0.155396 0.104166 0.326277 
0.420127 0.135361 0.137459 0.131828 0.175225 
0.193575 0.218956 0.312485 0.109728 0.165255 
0.138616 0.242711 0.288443 0.101508 0.228722 
0.106869 0.149796 0.429174 0.148519 0.165642 
0.193333 0.248978 0.242214 0.111859 0.203616 
0.16791 0.230554 0.33348 0.103446 0.164611 
0.117176 0.158178 0.115071 0.149007 0.460568 
0.238111 0.284068 0.196864 0.115603 0.165353 
0.144498 0.221961 0.269024 0.0656896 0.298828 
0.198843 0.210522 0.294369 0.121909 0.174358 
0.180852 0.274426 0.181568 0.150916 0.212238 
0.194251 0.218196 0.245445 0.150566 0.191542 
0.096721 0.21801 0.190476 0.235254 0.259539 
0.090318 0.193741 0.368419 0.086979 0.260543 
0.307898 0.1307 0.371524 0.0599008 0.129978 
0.147461 0.195213 0.326188 0.146234 0.184905 
0.192201 0.172192 0.271706 0.108353 0.255548 
0.16327 0.174602 0.338422 0.132532 0.191174 
0.145228 0.189835 0.255877 0.137723 0.271337 
0.158123 0.181456 0.281136 0.117082 0.262202 
0.181548 0.219651 0.308812 0.111025 0.178964 
0.169534 0.244019 0.246524 0.124885 0.215038 
0.288244 0.186629 0.265185 0.0917811 0.168161 
0.137096 0.280544 0.255771 0.111012 0.215577 
0.129192 0.225644 0.285936 0.106978 0.25225 
0.226543 0.19165 0.271799 0.132096 0.177912 
0.220645 0.178914 0.272067 0.111305 0.217069 
0.387069 0.191613 0.201711 0.0778173 0.14179 
0.261426 0.215148 0.190029 0.161906 0.17149 
0.168615 0.228354 0.249707 0.115255 0.238069 
0.155293 0.182495 0.253675 0.13441 0.274127 
0.145539 0.194315 0.331981 0.112434 0.21573 
0.142126 0.270683 0.220256 0.138698 0.228236 
0.167671 0.157051 0.352936 0.0809609 0.241381 
0.205099 0.184967 0.33982 0.112661 0.157453 
0.167618 0.187897 0.348584 0.103064 0.192837 
0.110211 0.247768 0.229802 0.186832 0.225387 
0.153582 0.208048 0.277137 0.118223 0.24301 
0.175256 0.20315 0.227624 0.143967 0.250003 
0.365094 0.173306 0.208138 0.077543 0.175919 
0.290269 0.227616 0.234161 0.0713921 0.176562 
0.153156 0.242262 0.277527 0.127137 0.199918 
0.214389 0.225853 0.198836 0.139619 0.221304 
0.230713 0.18725 0.347392 0.0780007 0.156644 
0.081886 0.255986 0.285977 0.0971815 0.278969 
0.197313 0.217525 0.259685 0.111754 0.213722 
0.188624 0.199362 0.337293 0.122204 0.152516 
0.151383 0.287198 0.256243 0.0961151 0.20906 
0.117111 0.268149 0.36348 0.118035 0.133226 
0.172842 0.168995 0.239543 0.0971055 0.321514 
0.224677 0.204041 0.295625 0.0860415 0.189616 
0.102236 0.171075 0.222044 0.359104 0.145541 
0.197218 0.226489 0.262404 0.110072 0.203817 
0.169669 0.269959 0.255375 0.120566 0.184431 
0.149983 0.095109 0.512793 0.0987633 0.143352 
0.334316 0.0839583 0.131135 0.221561 0.22903 
0.17881 0.247421 0.128468 0.303669 0.141633 
0.151715 0.237936 0.284037 0.121228 0.205085 
0.186744 0.180507 0.24646 0.187892 0.198396 
0.141311 0.268075 0.203812 0.204596 0.182205 
0.252428 0.198028 0.241309 0.135683 0.172551 
0.126584 0.375164 0.156477 0.108986 0.23279 
0.126584 0.375164 0.156477 0.108986 0.23279 
0.186202 0.205854 0.328512 0.0938848 0.185548 
0.28962 0.192229 0.270134 0.0884521 0.159566 
0.146701 0.162965 0.393952 0.181117 0.115264 
0.187584 0.202295 0.277135 0.126167 0.206819 
0.222635 0.228976 0.15105 0.115125 0.282214 
0.230479 0.21334 0.239896 0.11978 0.196505 
0.1689 0.189206 0.284904 0.119486 0.237504 
0.315347 0.154727 0.279964 0.0718942 0.178067 
0.063737 0.208343 0.409031 0.0266541 0.292236 
0.184815 0.24851 0.207674 0.157137 0.201864 
0.123694 0.318101 0.18076 0.143128 0.234317 
0.129448 0.290663 0.237656 0.122091 0.220142 
0.156831 0.178335 0.207139 0.173869 0.283826 
0.183647 0.236529 0.232905 0.116857 0.230063 
0.157069 0.274243 0.25911 0.100113 0.209465 
0.215181 0.165412 0.300534 0.13779 0.181083 
0.142251 0.154346 0.346175 0.0895438 0.267684 
0.148721 0.238097 0.320356 0.100486 0.19234 
0.150931 0.159917 0.246808 0.210598 0.231746 
0.191985 0.26575 0.249564 0.120273 0.172427 
0.123296 0.196147 0.290614 0.158228 0.231715 
0.213286 0.190883 0.217601 0.159502 0.218728 
0.174901 0.224348 0.197865 0.0910741 0.311812 
0.274802 0.321271 0.149722 0.0736093 0.180596 
0.337381 0.153761 0.200403 0.112396 0.196059 
0.182767 0.184291 0.258329 0.157563 0.21705 
0.145808 0.194342 0.312993 0.106901 0.239956 
0.213181 0.159595 0.342715 0.0820997 0.20241 
0.158741 0.312446 0.282345 0.111397 0.13507 
0.265528 0.248696 0.204185 0.119672 0.161919 
0.163446 0.155343 0.240814 0.107431 0.332966 
0.122454 0.167927 0.25353 0.109911 0.346178 
0.169094 0.214443 0.285265 0.105338 0.225861 
0.170829 0.20008 0.263342 0.110453 0.255296 
0.155502 0.249268 0.275721 0.12069 0.19882 
0.225743 0.206027 0.256549 0.128836 0.182845 
0.126265 0.25849 0.13184 0.242811 0.240594 
0.0394694 0.140346 0.251113 0.169811 0.399261 
0.129689 0.159971 0.278165 0.268895 0.16328 
0.103591 0.466497 0.225447 0.0648151 0.13965 
0.0486094 0.114304 0.637816 0.141187 0.0580838 
0.17284 0.228697 0.268512 0.115447 0.214505 
0.214822 0.153694 0.133563 0.186671 0.311251 
0.235278 0.20867 0.176648 0.176186 0.203218 
0.16394 0.243739 0.348234 0.0979982 0.146089 
0.272099 0.186989 0.23373 0.0998365 0.207346 
0.290661 0.161337 0.21192 0.0972453 0.238837 
0.145032 0.229789 0.295245 0.12408 0.205855 
0.192714 0.229701 0.113683 0.112743 0.351159 
0.215925 0.201066 0.266027 0.124329 0.192652 
0.17771 0.234804 0.286824 0.110802 0.18986 
0.143522 0.246168 0.322511 0.113117 0.174683 
0.161518 0.240266 0.169442 0.144374 0.284399 
0.158692 0.253869 0.159791 0.184217 0.243431 
0.174275 0.242746 0.26292 0.128632 0.191427 
0.0456915 0.0512121 0.205791 0.670764 0.0265413 
0.301862 0.225159 0.207294 0.0773461 0.188339 
0.158693 0.147325 0.0896866 0.46306 0.141236 
0.154103 0.188502 0.221134 0.270158 0.166103 
0.268057 0.390287 0.0296416 0.158368 0.153647 
0.260723 0.142448 0.221409 0.10155 0.27387 
0.145731 0.196114 0.343363 0.106048 0.208745 
0.188261 0.214356 0.252214 0.128815 0.216354 
0.210648 0.16099 0.275909 0.117522 0.23493 
0.235559 0.173981 0.245743 0.134443 0.210275 
0.193517 0.141206 0.224391 0.133828 0.307058 
0.120275 0.226506 0.362149 0.0767127 0.214357 
0.203365 0.197957 0.259458 0.149984 0.189236 
0.10265 0.105014 0.277662 0.173995 0.340679 
0.210201 0.227328 0.236071 0.143648 0.182751 
0.138727 0.218207 0.25139 0.109255 0.28242 
0.172082 0.221723 0.329013 0.0920883 0.185093 
0.164646 0.227409 0.29842 0.115155 0.194369 
0.224342 0.172444 0.262038 0.133098 0.208078 
0.190566 0.19035 0.295721 0.114994 0.20837 
0.195224 0.190634 0.32436 0.123587 0.166195 
0.268305 0.195639 0.150302 0.21016 0.175593 
0.130115 0.101881 0.373476 0.0626654 0.331862 
0.211802 0.190381 0.256275 0.114903 0.226638 
0.17145 0.227085 0.164477 0.144254 0.292734 
0.378243 0.179744 0.128497 0.113094 0.200423 
0.180235 0.182277 0.212205 0.139996 0.285287 
0.214994 0.384386 0.167607 0.0910766 0.141937 
0.159762 0.167636 0.280329 0.0791342 0.313138 
0.177504 0.167399 0.235391 0.115846 0.303861 
0.191901 0.202714 0.274221 0.149973 0.181191 
0.338661 0.143632 0.134185 0.16592 0.217602 
0.201005 0.193383 0.209619 0.167745 0.228249 
0.160455 0.18569 0.334089 0.158439 0.161327 
0.237479 0.162216 0.334578 0.0765878 0.189139 
0.16778 0.113778 0.214732 0.175316 0.328393 
0.150833 0.225831 0.273351 0.0915666 0.258418 
0.413856 0.183665 0.150337 0.122489 0.129653 
0.189322 0.309179 0.234832 0.08927 0.177396 
0.160858 0.211484 0.284359 0.0991344 0.244165 
0.142617 0.21432 0.318562 0.146448 0.178054 
0.15634 0.244248 0.355329 0.0925998 0.151483 
0.144659 0.194014 0.315264 0.123037 0.223027 
0.219559 0.167605 0.200247 0.100367 0.312221 
0.158013 0.172651 0.340714 0.108751 0.21987 
0.120101 0.222445 0.224238 0.173569 0.259647 
0.134966 0.16731 0.4486 0.108547 0.140577 
0.163984 0.172283 0.247121 0.0807138 0.335898 
0.199369 0.287285 0.352284 0.0856897 0.0753725 
0.255178 0.261039 0.198766 0.103967 0.18105 
0.162473 0.203515 0.344162 0.0978381 0.192012 
0.187487 0.18477 0.318845 0.115608 0.19329 
0.148941 0.127755 0.415213 0.128372 0.179719 
0.215069 0.301495 0.115695 0.0995207 0.26822 
0.126963 0.186802 0.250039 0.136123 0.300073 
0.14603 0.24367 0.282335 0.1317 0.196265 
0.197368 0.23283 0.24739 0.101406 0.221006 
0.172236 0.181103 0.320319 0.122449 0.203892 
0.187866 0.104474 0.434975 0.12676 0.145926 
0.18025 0.204148 0.323319 0.111533 0.18075 
0.185998 0.231279 0.195722 0.176051 0.21095 
0.196937 0.157266 0.28311 0.106526 0.256162 
0.167832 0.24026 0.347802 0.0853789 0.158728 
0.192365 0.0884792 0.302836 0.144948 0.271371 
0.199601 0.20631 0.297788 0.109051 0.18725 
0.192019 0.244288 0.254442 0.111114 0.198137 
0.197788 0.110547 0.454829 0.0506658 0.18617 
0.138026 0.297677 0.130447 0.23489 0.19896 
0.240864 0.160811 0.266743 0.138113 0.193469 
0.147762 0.244243 0.304695 0.110762 0.192537 
0.253512 0.216718 0.212874 0.119724 0.197172 
0.190165 0.261142 0.220406 0.147671 0.180616 
0.190867 0.223743 0.262379 0.134186 0.188825 
0.090968 0.174773 0.203385 0.396051 0.134823 
0.17669 0.224695 0.275743 0.115225 0.207648 
0.183587 0.205321 0.299651 0.102532 0.208909 
0.17146 0.147706 0.1887 0.118303 0.373831 
0.23436 0.268099 0.211244 0.111492 0.174804 
0.118783 0.156359 0.202301 0.213172 0.309385 
0.139409 0.230646 0.322891 0.116929 0.190125 
0.153095 0.199213 0.256005 0.212485 0.179202 
0.136838 0.253609 0.272282 0.0787765 0.258494 
0.156237 0.305255 0.313027 0.0695236 0.155957 
0.24532 0.212344 0.234377 0.11363 0.194328 
0.322995 0.147433 0.12311 0.228306 0.178156 
0.233412 0.1365 0.147779 0.13629 0.346018 
0.160164 0.268931 0.241262 0.12643 0.203213 
0.173131 0.194033 0.289063 0.108046 0.235727 
0.251851 0.230615 0.241229 0.0964992 0.179806 
0.139783 0.195435 0.265971 0.1966 0.202211 
0.142439 0.154447 0.257528 0.0970336 0.348552 
0.0933919 0.127428 0.268078 0.176372 0.33473 
0.135126 0.229207 0.321656 0.120607 0.193403 
0.357049 0.0621546 0.423751 0.0293543 0.127692 
0.114424 0.172357 0.448676 0.104691 0.159852 
0.23107 0.468035 0.098717 0.100523 0.101656 
0.158999 0.198637 0.32054 0.106744 0.215081 
0.127553 0.263125 0.238419 0.102546 0.268357 
0.181241 0.185688 0.190387 0.218313 0.22437 
0.195845 0.281318 0.277232 0.132317 0.113288 
0.16439 0.242469 0.248877 0.16669 0.177574 
0.184122 0.207768 0.247962 0.187522 0.172627 
0.109372 0.194719 0.236445 0.194074 0.26539 
0.234426 0.173104 0.300636 0.125235 0.166599 
0.141782 0.310626 0.258143 0.181648 0.107801 
0.318414 0.034196 0.034175 0.104227 0.508988 
0.18355 0.147611 0.207772 0.0702015 0.390865 
0.150793 0.312825 0.235545 0.157756 0.143081 
0.183866 0.263169 0.227 0.111441 0.214523 
0.256947 0.327707 0.148327 0.0486967 0.218322 
0.154547 0.239529 0.311899 0.108922 0.185103 
0.0560827 0.919817 0.00093814 0.00567241 0.0174895 
0.0560827 0.919817 0.00093814 0.00567241 0.0174895 
0.0710699 0.259953 0.223759 0.119127 0.32609 
0.180859 0.214081 0.312993 0.12112 0.170946 
0.172779 0.22778 0.282165 0.122487 0.194789 
0.38873 0.186162 0.129772 0.148181 0.147155 
0.162059 0.208007 0.350883 0.118657 0.160393 
0.303123 0.160916 0.160117 0.114624 0.261221 
0.161416 0.155107 0.159619 0.377356 0.146502 
0.181041 0.217848 0.272209 0.123451 0.205452 
0.153585 0.230211 0.28292 0.12548 0.207804 
0.155761 0.222523 0.269396 0.0829531 0.269367 
0.163263 0.219771 0.245629 0.116429 0.254908 
0.16285 0.194612 0.273787 0.143217 0.225534 
0.15702 0.21847 0.194686 0.124238 0.305587 
0.257029 0.162366 0.221178 0.119258 0.240168 
0.169651 0.17466 0.257583 0.104142 0.293963 
0.241419 0.246438 0.206007 0.124464 0.181672 
0.14029 0.192008 0.236833 0.248613 0.182257 
0.124073 0.211549 0.334115 0.128623 0.20164 
0.140199 0.235826 0.312887 0.113483 0.197606 
0.0952066 0.130188 0.284767 0.371459 0.118379 
0.211386 0.155761 0.213582 0.141248 0.278022 
0.121739 0.215083 0.25373 0.114485 0.294963 
0.188728 0.170881 0.203729 0.110302 0.326359 
0.47239 0.0747704 0.0621908 0.110253 0.280395 
0.197654 0.192068 0.290221 0.159269 0.160788 
0.219606 0.179193 0.235854 0.146729 0.218619 
0.195852 0.244544 0.275455 0.0938872 0.190262 
0.116284 0.221579 0.254219 0.227902 0.180016 
0.0827269 0.0814501 0.0894919 0.0444418 0.701889 
0.152014 0.181957 0.262966 0.125756 0.277307 
0.187351 0.171786 0.298833 0.136505 0.205526 
-nan -nan -nan -nan -nan 
0.147981 0.239908 0.310742 0.0831626 0.218207 
0.386497 0.151256 0.193817 0.072493 0.195936 
0.178433 0.207075 0.32219 0.0869262 0.205376 
0.181635 0.260748 0.266083 0.0952672 0.196267 
0.190108 0.213716 0.299086 0.122785 0.174304 
0.219836 0.219848 0.263014 0.108294 0.189008 
0.15232 0.17158 0.364969 0.124636 0.186495 
0.268081 0.0226879 0.269174 0.299212 0.140845 
0.188489 0.200141 0.275978 0.112858 0.222534 
0.131834 0.231478 0.256339 0.184471 0.195879 
0.151676 0.208988 0.30442 0.119682 0.215235 
0.1496 0.257025 0.250793 0.138729 0.203854 
0.10106 0.165954 0.205144 0.38347 0.144371 
0.189575 0.153283 0.359905 0.108047 0.18919 
0.186767 0.224555 0.274796 0.112144 0.201738 
0.187694 0.172131 0.182452 0.230812 0.226912 
0.13916 0.544229 0.0337437 0.13622 0.146647 
0.182604 0.213992 0.298496 0.151656 0.153252 
0.303123 0.158646 0.2814 0.0823005 0.174531 
0.337457 0.13835 0.20597 0.0883679 0.229855 
0.162333 0.178444 0.32483 0.0919628 0.242431 
0.127604 0.201074 0.283761 0.110674 0.276888 
0.197479 0.143938 0.239584 0.29198 0.127019 
0.209432 0.152954 0.435834 0.093603 0.108177 
0.198217 0.178894 0.278467 0.150569 0.193854 
0.182185 0.182312 0.2587 0.127507 0.249296 
0.190874 0.25486 0.224475 0.125074 0.204717 
0.181296 0.169327 0.296606 0.0806295 0.272141 
0.344973 0.148197 0.154687 0.203165 0.148978 
0.188786 0.217106 0.266 0.118919 0.209189 
0.195291 0.20733 0.26898 0.135689 0.19271 
0.148201 0.239201 0.244397 0.139324 0.228876 
0.169114 0.166968 0.381063 0.131026 0.151828 
0.163325 0.194323 0.313807 0.126829 0.201716 
0.150841 0.190402 0.205519 0.0969429 0.356295 
0.165269 0.245793 0.242054 0.119211 0.227672 
0.29285 0.161375 0.265222 0.116339 0.164214 
0.190618 0.210272 0.325838 0.0942189 0.179053 
0.166046 0.300366 0.216814 0.111664 0.20511 
0.16494 0.180465 0.142762 0.22792 0.283913 
0.144556 0.179453 0.298151 0.105073 0.272766 
0.0967843 0.220568 0.281758 0.127596 0.273294 
0.199695 0.17075 0.161247 0.19474 0.273568 
0.184625 0.246134 0.276937 0.127877 0.164427 
0.234334 0.362966 0.11874 0.0709311 0.213029 
0.182064 0.196954 0.330265 0.107375 0.183341 
0.210616 0.178824 0.220436 0.140757 0.249366 
0.25813 0.147229 0.231038 0.135588 0.228015 
0.198925 0.150971 0.288808 0.11344 0.247855 
0.149178 0.298784 0.186522 0.165965 0.199551 
0.210516 0.235268 0.215076 0.120517 0.218623 
0.176274 0.23103 0.225737 0.12113 0.245828 
0.11606 0.256303 0.278194 0.157495 0.191949 
0.207094 0.144278 0.326131 0.0960137 0.226484 
0.198346 0.196779 0.274096 0.106939 0.22384 
0.158129 0.13718 0.173593 0.402076 0.129022 
0.0942855 0.238549 0.371559 0.0808299 0.214776 
0.174262 0.219142 0.331042 0.0959815 0.179573 
0.22307 0.182568 0.272015 0.125605 0.196742 
0.129802 0.133284 0.524048 0.0833867 0.129479 
0.215861 0.17792 0.10539 0.163016 0.337813 
0.193464 0.170115 0.270906 0.122835 0.24268 
0.198473 0.152568 0.323539 0.117417 0.208002 
0.194836 0.300189 0.25432 0.0806421 0.170013 
0.155102 0.194943 0.301938 0.0987991 0.249219 
0.296411 0.122802 0.340097 0.0834286 0.157262 
0.286706 0.173922 0.150339 0.102149 0.286884 
0.179019 0.0973126 0.359943 0.0636015 0.300124 
0.183612 0.244846 0.305435 0.0881782 0.177929 
0.210676 0.245411 0.197565 0.0959708 0.250377 
0.200001 0.176487 0.299208 0.119155 0.20515 
0.260229 0.193409 0.192486 0.155445 0.198431 
0.202056 0.215284 0.18333 0.0627888 0.336541 
0.179434 0.221969 0.212494 0.170735 0.215369 
0.2378 0.225705 0.249512 0.0937916 0.193192 
0.20043 0.203021 0.220035 0.174618 0.201897 
0.0569818 0.238134 0.361334 0.117563 0.225988 
0.160593 0.253893 0.235571 0.130079 0.219864 
0.181176 0.189664 0.265301 0.114695 0.249164 
0.192206 0.214896 0.316681 0.10354 0.172677 
0.13021 0.133792 0.289388 0.0678988 0.378711 
0.172647 0.212005 0.242821 0.0905347 0.281992 
0.155592 0.144796 0.281843 0.253656 0.164113 
0.146292 0.301228 0.248552 0.119046 0.184882 
0.261517 0.254411 0.114837 0.0864345 0.2828 
0.249645 0.14732 0.343804 0.097998 0.161233 
0.208998 0.295769 0.203888 0.102825 0.18852 
0.18858 0.205217 0.277419 0.107772 0.221011 
0.159171 0.329043 0.242077 0.0764514 0.193257 
0.249058 0.31138 0.114497 0.193187 0.131878 
0.339772 0.137918 0.186497 0.0741011 0.261712 
0.166879 0.190323 0.328996 0.14639 0.167411 
0.365404 0.0743863 0.161844 0.0906887 0.307677 
0.203134 0.247744 0.285214 0.0995843 0.164324 
0.193668 0.247923 0.244224 0.133116 0.18107 
0.187532 0.105003 0.313599 0.181551 0.212316 
0.196737 0.264108 0.211012 0.125702 0.202441 
0.22802 0.22684 0.253524 0.154439 0.137178 
0.235801 0.120715 0.269392 0.228657 0.145435 
0.195042 0.189242 0.301472 0.10943 0.204814 
0.195084 0.202022 0.27488 0.133253 0.194761 
0.246481 0.173356 0.247499 0.111614 0.22105 
0.197959 0.15755 0.262204 0.138189 0.244098 
0.0937085 0.268141 0.280304 0.153032 0.204815 
0.151859 0.158139 0.175155 0.137049 0.377798 
0.0981932 0.470616 0.0113083 0.135412 0.28447 
0.268654 0.196198 0.159788 0.126043 0.249317 
0.181767 0.190703 0.384654 0.080921 0.161954 
0.192413 0.178292 0.303066 0.121214 0.205016 
0.158606 0.238282 0.326611 0.112376 0.164124 
0.170226 0.201486 0.277578 0.114622 0.236088 
0.211796 0.23012 0.283943 0.0867023 0.187439 
0.166254 0.191198 0.171856 0.282578 0.188114 
0.273914 0.191905 0.155276 0.145438 0.233467 
0.248909 0.181024 0.250796 0.154508 0.164763 
0.167423 0.306456 0.255025 0.13321 0.137886 
0.30908 0.288964 0.123096 0.123798 0.155063 
0.148808 0.225525 0.310594 0.119534 0.195539 
0.1428 0.256184 0.273663 0.142941 0.184412 
0.13868 0.187 0.345047 0.0872038 0.242069 
0.16772 0.206198 0.301288 0.132976 0.191818 
0.18908 0.269294 0.229111 0.124531 0.187984 
0.159537 0.257819 0.320446 0.121388 0.14081 
0.19285 0.240443 0.235776 0.138824 0.192106 
0.156797 0.193835 0.276641 0.120889 0.251838 
0.191717 0.185851 0.337406 0.0872757 0.19775 
0.158137 0.227999 0.321387 0.0864922 0.205986 
0.163081 0.277977 0.222013 0.134899 0.202031 
0.16931 0.208201 0.228511 0.134717 0.259262 
0.127301 0.193521 0.307164 0.0961345 0.27588 
0.165368 0.228048 0.299125 0.105775 0.201684 
0.229977 0.190146 0.198734 0.15314 0.228003 
0.123542 0.218695 0.290853 0.134883 0.232027 
0.130098 0.189241 0.373502 0.123483 0.183676 
0.331737 0.202234 0.216106 0.0855594 0.164364 
0.209853 0.197875 0.233636 0.0992254 0.259411 
0.116674 0.17874 0.196548 0.317297 0.190741 
0.184474 0.205689 0.285771 0.133985 0.190081 
0.363677 0.123586 0.149163 0.0962996 0.267275 
0.363677 0.123586 0.149163 0.0962996 0.267275 
0.131019 0.256936 0.29917 0.0947053 0.21817 
0.375081 0.256724 0.132789 0.068923 0.166483 
0.197809 0.200151 0.296591 0.108364 0.197085 
0.157064 0.175754 0.336366 0.0742134 0.256602 
0.174876 0.198078 0.254826 0.0900598 0.28216 
0.216367 0.166246 0.300693 0.103588 0.213106 
0.109757 0.18174 0.26642 0.17455 0.267533 
0.189969 0.241358 0.200287 0.13342 0.234965 
0.180389 0.25475 0.219832 0.125638 0.219391 
0.122135 0.102958 0.532545 0.0725695 0.169791 
0.155787 0.24498 0.21858 0.137729 0.242924 
0.185504 0.221128 0.289435 0.0970045 0.206929 
0.312101 0.154048 0.203735 0.167529 0.162587 
0.177391 0.211832 0.282911 0.107341 0.220525 
0.184778 0.222839 0.246681 0.147193 0.198509 
0.174344 0.121058 0.374868 0.102967 0.226763 
0.184239 0.204679 0.221347 0.191301 0.198434 
0.165523 0.184808 0.282318 0.148607 0.218744 
0.184239 0.204679 0.221347 0.191301 0.198434 
0.163786 0.228538 0.193232 0.193475 0.22097 
0.204513 0.211713 0.256171 0.114885 0.212718 
0.192455 0.178732 0.280309 0.166075 0.182429 
0.131716 0.23002 0.326259 0.113668 0.198337 
0.200132 0.199864 0.200694 0.199271 0.200038 
0.17107 0.181505 0.238654 0.180929 0.227843 
0.125837 0.24295 0.212592 0.200787 0.217835 
0.149014 0.115824 0.272432 0.193415 0.269314 
0.2151 0.201279 0.251903 0.149159 0.182559 
0.225306 0.178738 0.300754 0.116655 0.178547 
0.184239 0.204679 0.221347 0.191301 0.198434 
0.102479 0.297843 0.351873 0.0957234 0.152082 
0.148788 0.206009 0.296621 0.0893326 0.259249 
0.152068 0.228022 0.310119 0.136686 0.173104 
0.216417 0.17982 0.26145 0.139525 0.202788 
0.139113 0.278944 0.275171 0.120518 0.186254 
0.0675733 0.679733 0.115754 0.0433743 0.0935649 
0.162453 0.241776 0.281456 0.105631 0.208684 
0.116651 0.19283 0.308416 0.0978736 0.28423 
0.175568 0.272241 0.255192 0.0875498 0.209449 
0.234875 0.15509 0.20495 0.162604 0.24248 
0.157896 0.243355 0.214861 0.185136 0.198752 
0.164245 0.22176 0.233055 0.149303 0.231637 
0.125525 0.1604 0.352486 0.133609 0.22798 
0.154649 0.163003 0.174401 0.262355 0.245592 
0.195832 0.216421 0.251696 0.103923 0.232127 
0.281019 0.205146 0.229249 0.0938705 0.190716 
0.137962 0.219309 0.296453 0.122247 0.224029 
0.165857 0.243924 0.237882 0.126526 0.225811 
0.159636 0.201982 0.275055 0.0993839 0.263943 
0.138302 0.240614 0.244147 0.100452 0.276485 
0.25336 0.269793 0.325411 0.0442694 0.107167 
0.134825 0.324861 0.177418 0.148187 0.21471 
0.184518 0.175528 0.279959 0.167072 0.192923 
0.219477 0.252588 0.278581 0.122889 0.126466 
0.167716 0.203107 0.334859 0.10595 0.188368 
0.143845 0.256715 0.285472 0.112151 0.201817 
0.150148 0.225078 0.331633 0.109737 0.183404 
0.151676 0.274615 0.27018 0.0956641 0.207864 
0.131246 0.205394 0.298876 0.149256 0.215228 
0.188825 0.165418 0.286602 0.153354 0.205801 
0.353867 0.174549 0.142925 0.202046 0.126613 
0.18572 0.203586 0.329421 0.145295 0.135979 
0.152884 0.202121 0.285383 0.109562 0.25005 
0.181948 0.202623 0.258554 0.126796 0.23008 
0.174766 0.231696 0.273193 0.110972 0.209372 
0.200132 0.199864 0.200694 0.199271 0.200038 
0.203594 0.179386 0.301176 0.120027 0.195816 
0.169378 0.216656 0.272777 0.132974 0.208215 
0.0869859 0.228932 0.341602 0.118419 0.224061 
0.15558 0.205161 0.342149 0.093032 0.204078 
0.262846 0.223993 0.230525 0.122875 0.159761 
0.195288 0.143766 0.147158 0.288885 0.224903 
0.0631009 0.126187 0.0776333 0.654101 0.0789787 
0.225313 0.172776 0.302346 0.116409 0.183156 
0.369203 0.148137 0.232765 0.0986462 0.151249 
0.164103 0.231636 0.259 0.133522 0.21174 
-nan -nan -nan -nan -nan 
0.150319 0.264188 0.290921 0.160516 0.134057 
0.193501 0.193937 0.238246 0.151147 0.223168 
0.161176 0.192489 0.250062 0.0930864 0.303187 
0.176251 0.222313 0.29907 0.101689 0.200678 
0.165031 0.206728 0.310035 0.118691 0.199514 
0.177877 0.220918 0.198133 0.140812 0.262261 
0.191108 0.16393 0.317281 0.121086 0.206595 
0.157517 0.196952 0.256346 0.0947927 0.294392 
-nan -nan -nan -nan -nan 
0.330101 0.167355 0.200028 0.114502 0.188015 
0.243991 0.212664 0.240581 0.118708 0.184056 
0.378954 0.16867 0.211599 0.103839 0.136939 
0.158232 0.212085 0.296033 0.129924 0.203726 
0.229247 0.208034 0.29967 0.113619 0.14943 
0.167929 0.246267 0.241322 0.100852 0.243631 
0.170045 0.210008 0.286213 0.127379 0.206355 
0.177312 0.200948 0.280129 0.127258 0.214353 
0.119352 0.220327 0.305534 0.134273 0.220514 
0.174534 0.175653 0.197919 0.121832 0.330062 
0.227991 0.175279 0.413216 0.0502884 0.133226 
0.161763 0.180329 0.208654 0.210819 0.238435 
0.172746 0.213752 0.294983 0.137435 0.181084 
0.199074 0.232301 0.288315 0.0940785 0.186232 
0.443635 0.103565 0.21975 0.104216 0.128833 
0.222768 0.157954 0.24561 0.115517 0.258152 
0.162139 0.158767 0.161484 0.194903 0.322706 
0.232117 0.203205 0.254415 0.141372 0.168891 
0.123361 0.168436 0.273603 0.109169 0.325431 
0.447301 0.10315 0.119493 0.0765715 0.253485 
0.131019 0.256936 0.29917 0.0947053 0.21817 
0.151348 0.175276 0.178361 0.343168 0.151847 
0.171735 0.2209 0.292587 0.0945934 0.220184 
0.163369 0.246216 0.182977 0.154449 0.252988 
0.172035 0.214194 0.28034 0.14488 0.188551 
0.233577 0.170618 0.230985 0.164527 0.200293 
0.133128 0.3305 0.260806 0.102792 0.172775 
0.218857 0.32132 0.221038 0.0921635 0.146622 
0.142892 0.263844 0.255369 0.13021 0.207685 
0.184717 0.188345 0.268703 0.145723 0.212511 
0.212449 0.1643 0.231213 0.11066 0.281378 
0.162161 0.292682 0.249834 0.0900072 0.205316 
0.166667 0.239264 0.259085 0.116165 0.218819 
0.188811 0.189964 0.281411 0.113274 0.22654 
0.261072 0.225671 0.224417 0.155661 0.133179 
0.178501 0.267813 0.232737 0.0942513 0.226698 
0.170464 0.25058 0.224521 0.141529 0.212906 
0.191328 0.199149 0.286003 0.138156 0.185364 
0.14722 0.213768 0.184529 0.0879542 0.366529 
0.193999 0.158147 0.372664 0.098072 0.177118 
0.163205 0.19887 0.294361 0.126546 0.217017 
0.129832 0.202992 0.213796 0.170528 0.282852 
0.208447 0.22327 0.313549 0.119367 0.135367 
0.224358 0.204839 0.26881 0.122896 0.179097 
0.872016 0.00689304 0.0746018 0.0176129 0.0288763 
0.150706 0.288307 0.152187 0.214748 0.194052 
0.332258 0.138381 0.277654 0.0925661 0.15914 
0.136682 0.173742 0.34997 0.157589 0.182016 
0.175554 0.241958 0.268048 0.108171 0.206269 
0.182828 0.220827 0.184481 0.0993224 0.312541 
0.0862426 0.237137 0.188905 0.146026 0.341689 
0.321516 0.0881913 0.149438 0.157856 0.283 
0.485918 0.164675 0.137284 0.088476 0.123647 
0.072544 0.21133 0.380313 0.0559345 0.279878 
0.180428 0.219125 0.228802 0.125407 0.246238 
-nan -nan -nan -nan -nan 
0.18524 0.207154 0.244897 0.160554 0.202155 
0.148913 0.197652 0.294164 0.108864 0.250408 
0.137911 0.26648 0.168454 0.114359 0.312796 
0.0738728 0.183299 0.228575 0.389649 0.124604 
0.0750428 0.0878032 0.768816 0.0221027 0.046235 
0.116045 0.272028 0.31552 0.101578 0.19483 
0.104012 0.21595 0.267896 0.123149 0.288993 
0.0529083 0.221847 0.284586 0.0588974 0.381762 
0.208843 0.241304 0.259021 0.114986 0.175845 
0.149903 0.202489 0.336192 0.122379 0.189037 
0.178466 0.239106 0.288516 0.0937502 0.200162 
0.204929 0.212514 0.245298 0.132203 0.205056 
0.161225 0.250261 0.304169 0.105788 0.178557 
0.269826 0.152359 0.311086 0.0789111 0.187818 
0.479538 0.0449952 0.0475266 0.273075 0.154865 
0.311691 0.156252 0.269964 0.117734 0.144359 
0.280895 0.166748 0.197579 0.172516 0.182262 
0.251697 0.153991 0.360989 0.0600057 0.173317 
0.151824 0.333469 0.204314 0.059734 0.25066 
0.172002 0.207424 0.348831 0.103367 0.168377 
0.250038 0.256704 0.166964 0.0982288 0.228065 
0.180915 0.187671 0.316255 0.0964031 0.218756 
0.162528 0.140529 0.386088 0.110669 0.200185 
0.430255 0.104664 0.1293 0.0626887 0.273093 
0.161937 0.22439 0.340976 0.110747 0.161951 
0.184488 0.238213 0.25557 0.111049 0.21068 
0.136721 0.152607 0.264274 0.169422 0.276976 
0.201173 0.246727 0.259014 0.145384 0.147701 
0.190869 0.245109 0.234026 0.148697 0.181299 
0.163537 0.255546 0.250421 0.124693 0.205802 
0.186444 0.24216 0.255873 0.114846 0.200677 
0.376995 0.147206 0.234242 0.0851233 0.156433 
0.103877 0.36372 0.132994 0.0846486 0.314761 
0.205854 0.205006 0.253487 0.125332 0.21032 
0.221506 0.164699 0.280155 0.111763 0.221877 
0.168261 0.242271 0.198293 0.129115 0.26206 
0.147416 0.173498 0.309607 0.109363 0.260117 
0.180679 0.214565 0.292277 0.13552 0.176959 
0.167906 0.203123 0.332834 0.0939312 0.202207 
0.21735 0.19957 0.285796 0.103774 0.193509 
0.266119 0.143965 0.287252 0.126878 0.175786 
0.207148 0.253639 0.231395 0.104091 0.203727 
0.126329 0.415636 0.217858 0.106419 0.133758 
0.187889 0.205927 0.284668 0.15102 0.170497 
0.212284 0.17915 0.317842 0.12075 0.169975 
0.141028 0.203357 0.310161 0.10118 0.244273 
0.165405 0.244689 0.255828 0.111129 0.222948 
0.141028 0.203357 0.310161 0.10118 0.244273 
0.170341 0.285926 0.174546 0.160813 0.208374 
0.224168 0.175332 0.23184 0.0579236 0.310736 
0.118601 0.291367 0.282129 0.0983709 0.209532 
0.108138 0.167111 0.376155 0.0945908 0.254005 
0.206038 0.221174 0.285461 0.137703 0.149624 
0.214459 0.174513 0.267836 0.120409 0.222782 
0.139715 0.19829 0.311854 0.102397 0.247745 
0.390005 0.177979 0.159747 0.0667634 0.205505 
0.319066 0.157871 0.137152 0.17726 0.208652 
0.194078 0.153887 0.376904 0.11652 0.158611 
0.233735 0.192238 0.243577 0.151529 0.178922 
0.03983 0.368069 0.253092 0.224358 0.114652 
0.124838 0.115568 0.402869 0.0953246 0.2614 
0.173555 0.180474 0.321589 0.147258 0.177123 
0.189953 0.160728 0.297511 0.186713 0.165095 
0.136027 0.248422 0.271825 0.131587 0.212139 
0.19069 0.176874 0.230367 0.166274 0.235795 
0.144059 0.133722 0.295085 0.329169 0.097965 
0.181755 0.23798 0.326527 0.109812 0.143926 
0.197877 0.166517 0.316714 0.1124 0.206493 
0.201472 0.177353 0.329973 0.142891 0.148311 
0.164994 0.212238 0.303996 0.10035 0.218422 
0.12928 0.144494 0.250822 0.311374 0.16403 
0.115109 0.22037 0.235494 0.079962 0.349065 
0.172727 0.215695 0.289734 0.103236 0.218607 
0.167184 0.276193 0.210433 0.0978283 0.248362 
0.176421 0.328101 0.175801 0.14767 0.172007 
0.188912 0.278939 0.258984 0.122936 0.150229 
0.183302 0.189123 0.3173 0.12472 0.185556 
0.209385 0.162501 0.264385 0.129266 0.234463 
0.196743 0.138728 0.297583 0.159127 0.207819 
0.182597 0.25287 0.275386 0.0941249 0.195021 
0.172611 0.159089 0.294936 0.127553 0.245811 
0.110512 0.230518 0.277232 0.144482 0.237256 
0.536697 0.0725779 0.175579 0.13097 0.0841758 
0.161726 0.1769 0.374432 0.115025 0.171917 
0.164793 0.23115 0.268256 0.119795 0.216007 
0.149313 0.17295 0.160579 0.11621 0.400948 
0.206506 0.185252 0.253637 0.135922 0.218683 
0.423696 0.13142 0.171963 0.110411 0.16251 
0.131217 0.206352 0.21328 0.0893215 0.359829 
0.137185 0.325893 0.145411 0.130561 0.26095 
0.146572 0.136062 0.51434 0.0806115 0.122415 
0.24861 0.174137 0.242044 0.149971 0.185238 
0.179236 0.191946 0.251543 0.133135 0.244139 
0.201453 0.178289 0.271744 0.139949 0.208564 
0.121016 0.180648 0.33053 0.105225 0.262581 
0.154919 0.216472 0.311039 0.116505 0.201065 
0.0660519 0.534644 0.126286 0.132336 0.140682 
0.0836546 0.194933 0.351226 0.220484 0.149702 
0.184987 0.208382 0.292582 0.116659 0.19739 
0.177019 0.225532 0.260839 0.111285 0.225325 
0.149741 0.203043 0.170297 0.210413 0.266506 
0.340632 0.125152 0.224144 0.091107 0.218965 
0.183157 0.178829 0.251612 0.147792 0.23861 
0.143703 0.29544 0.154659 0.233836 0.172362 
0.114603 0.295028 0.235633 0.0772805 0.277456 
0.238014 0.206721 0.181129 0.118537 0.255599 
0.248028 0.166353 0.265275 0.125322 0.195022 
0.25371 0.171054 0.192064 0.112359 0.270813 
0.184699 0.202659 0.249311 0.201655 0.161677 
0.131155 0.220561 0.285033 0.126939 0.236311 
0.211046 0.258315 0.297432 0.0775577 0.155649 
0.197763 0.146803 0.310733 0.148381 0.196321 
0.218311 0.138095 0.286962 0.121848 0.234785 
0.180108 0.190964 0.196785 0.20131 0.230834 
0.167704 0.224774 0.240645 0.116759 0.250118 
0.155124 0.16482 0.350503 0.0947355 0.234818 
0.143787 0.215386 0.345233 0.107584 0.18801 
0.202616 0.237094 0.234614 0.134982 0.190694 
0.168328 0.305321 0.235017 0.0940153 0.197319 
0.161622 0.23452 0.257376 0.133856 0.212627 
0.172826 0.272873 0.157023 0.121643 0.275635 
0.189726 0.186584 0.318011 0.10894 0.19674 
0.171072 0.233059 0.277973 0.110596 0.2073 
0.103198 0.235868 0.348393 0.0969227 0.215619 
0.127205 0.23563 0.294041 0.108617 0.234507 
0.143791 0.193345 0.324476 0.0988349 0.239553 
0.255076 0.228939 0.224645 0.15992 0.131419 
0.367424 0.227566 0.150083 0.112089 0.142838 
0.151872 0.238479 0.183689 0.275031 0.150928 
0.136119 0.352976 0.137514 0.14344 0.229951 
0.175853 0.301472 0.198592 0.136946 0.187137 
0.380788 0.162821 0.195341 0.0955914 0.165458 
0.176932 0.190764 0.284965 0.135213 0.212127 
0.192248 0.245263 0.206214 0.143844 0.212431 
0.216154 0.26701 0.221607 0.0683819 0.226848 
0.148713 0.225491 0.276179 0.107625 0.241992 
0.199236 0.219095 0.28533 0.0954815 0.200858 
0.139844 0.226239 0.248098 0.232589 0.153231 
0.173416 0.16452 0.28624 0.113325 0.2625 
0.285789 0.100108 0.170639 0.0557851 0.387679 
0.187875 0.181947 0.329678 0.121048 0.179451 
0.144511 0.185411 0.177208 0.0943073 0.398563 
0.117705 0.262074 0.258499 0.0819637 0.279758 
0.178785 0.210211 0.225449 0.101904 0.283651 
0.171398 0.0632688 0.307757 0.0822173 0.375359 
0.197485 0.243854 0.205833 0.126707 0.226121 
0.197485 0.243854 0.205833 0.126707 0.226121 
0.288335 0.170116 0.226505 0.0992414 0.215802 
0.154056 0.262299 0.22991 0.115971 0.237765 
0.138088 0.187657 0.26383 0.143562 0.266863 
0.147196 0.27046 0.276315 0.126595 0.179434 
0.169833 0.181191 0.355747 0.104515 0.188713 
0.147846 0.330385 0.191116 0.0880795 0.242574 
0.205339 0.212108 0.290649 0.125098 0.166806 
0.147651 0.190495 0.291277 0.152308 0.218269 
0.134587 0.279976 0.258954 0.195925 0.130558 
0.181805 0.188948 0.306215 0.13669 0.186341 
0.150967 0.207029 0.19301 0.142581 0.306412 
0.186497 0.227576 0.261136 0.0939422 0.23085 
0.169638 0.222364 0.301102 0.105518 0.201379 
0.189525 0.185439 0.294985 0.127347 0.202704 
0.186813 0.149531 0.223659 0.155621 0.284375 
0.172205 0.228206 0.27993 0.114072 0.205588 
0.15805 0.231143 0.325276 0.0888128 0.196718 
0.196619 0.167687 0.310029 0.135288 0.190377 
0.16722 0.204101 0.278551 0.112554 0.237575 
0.335918 0.148744 0.249377 0.104063 0.161897 
0.179084 0.234696 0.257272 0.177865 0.151083 
0.145864 0.245143 0.264908 0.136898 0.207187 
0.162685 0.136004 0.240122 0.0835182 0.377671 
0.167528 0.27411 0.253102 0.112705 0.192555 
0.154598 0.24297 0.278833 0.100121 0.223478 
0.190763 0.260858 0.28183 0.122668 0.14388 
0.256055 0.185904 0.269021 0.131609 0.157411 
0.29109 0.122924 0.28701 0.0775568 0.221419 
0.188758 0.184708 0.293571 0.10573 0.227234 
0.203647 0.206697 0.292065 0.0965548 0.201036 
0.118705 0.150079 0.350036 0.13538 0.245799 
0.164762 0.214704 0.265943 0.110275 0.244316 
0.164625 0.202234 0.229843 0.0672273 0.336071 
0.208374 0.1477 0.302186 0.120833 0.220907 
0.0768249 0.144508 0.409455 0.197418 0.171794 
0.200132 0.199864 0.200694 0.199271 0.200038 
0.168328 0.172393 0.25544 0.0952653 0.308573 
-nan -nan -nan -nan -nan 
0.160938 0.235937 0.275457 0.116102 0.211566 
0.203655 0.175542 0.257175 0.144245 0.219383 
0.143088 0.245931 0.286176 0.101867 0.222938 
0.156169 0.170878 0.299344 0.13028 0.24333 
0.250809 0.168193 0.265919 0.0916964 0.223383 
0.135397 0.492441 0.173301 0.101044 0.0978173 
0.165853 0.250571 0.422197 0.0381093 0.12327 
0.148782 0.355449 0.32172 0.0828124 0.0912361 
0.185968 0.148571 0.267015 0.195897 0.202549 
0.21319 0.267186 0.265334 0.0847625 0.169527 
0.212524 0.153908 0.30719 0.106082 0.220295 
0.128585 0.136047 0.113176 0.496057 0.126135 
0.231072 0.189796 0.25893 0.142985 0.177216 
0.213083 0.183008 0.196144 0.203213 0.204552 
0.250668 0.204758 0.21009 0.0821384 0.252346 
0.165523 0.194154 0.304444 0.102779 0.233101 
0.199662 0.189519 0.328037 0.1074 0.175382 
0.10366 0.312062 0.169233 0.119346 0.295699 
0.00847226 0.0547752 0.0217187 0.897462 0.0175719 
0.117552 0.256582 0.305618 0.10749 0.212759 
0.161081 0.190585 0.360819 0.112067 0.175449 
0.1218 0.222649 0.332346 0.101086 0.222118 
0.135643 0.214944 0.338887 0.117927 0.192598 
0.179154 0.185204 0.343823 0.114831 0.176988 
0.18633 0.260407 0.279272 0.0904074 0.183584 
0.167598 0.219934 0.259613 0.178285 0.17457 
0.133953 0.219667 0.343094 0.0987273 0.204559 
0.144853 0.15902 0.315384 0.129984 0.250758 
0.136705 0.173625 0.344456 0.120001 0.225213 
0.183203 0.227487 0.227286 0.140455 0.221569 
0.183449 0.175265 0.313228 0.102616 0.225442 
0.189191 0.199582 0.22376 0.197358 0.190109 
0.19245 0.213467 0.170181 0.107841 0.316061 
0.246422 0.260962 0.288469 0.0781349 0.126013 
0.182005 0.204463 0.273443 0.122004 0.218084 
0.148596 0.266412 0.27488 0.111572 0.198539 
0.181905 0.210722 0.284115 0.132368 0.19089 
0.151839 0.249432 0.273858 0.119802 0.205069 
0.182657 0.257856 0.270206 0.0883687 0.200912 
0.192337 0.179616 0.226889 0.20712 0.194037 
0.104238 0.271282 0.360486 0.100954 0.16304 
0.205753 0.172643 0.238835 0.20497 0.177799 
0.142583 0.383469 0.181735 0.170941 0.121272 
0.210101 0.21398 0.297669 0.111262 0.166988 
0.228372 0.184957 0.250914 0.127276 0.208481 
0.206998 0.139364 0.307047 0.118795 0.227797 
0.153337 0.197581 0.199205 0.181573 0.268304 
0.173218 0.215709 0.256244 0.161597 0.193233 
0.162102 0.189077 0.301068 0.139696 0.208057 
0.195807 0.254291 0.216668 0.116107 0.217128 
0.192342 0.161905 0.276911 0.114394 0.254448 
0.149301 0.247103 0.260363 0.134977 0.208256 
0.180776 0.168161 0.202857 0.102142 0.346064 
0.268089 0.196909 0.181389 0.13922 0.214393 
0.146404 0.256214 0.229072 0.122005 0.246306 
0.169061 0.190157 0.235175 0.142581 0.263026 
0.220614 0.194088 0.23759 0.118588 0.229121 
0.286413 0.270245 0.186592 0.0903114 0.16644 
0.179969 0.219986 0.239556 0.133127 0.227362 
0.220885 0.190376 0.293254 0.109377 0.186108 
0.144874 0.203308 0.287149 0.108636 0.256032 
0.204407 0.227853 0.266612 0.0978473 0.203281 
0.177573 0.174232 0.38852 0.0725796 0.187096 
0.163062 0.204534 0.285342 0.106834 0.240228 
0.154149 0.227648 0.268538 0.134864 0.214801 
0.360955 0.187697 0.218164 0.104008 0.129176 
0.129475 0.383896 0.212067 0.107105 0.167457 
0.202781 0.16765 0.35027 0.0882944 0.191006 
0.299149 0.153496 0.213712 0.0983613 0.235282 
0.218525 0.183343 0.30494 0.0903534 0.202838 
0.17163 0.215538 0.270703 0.138352 0.203776 
0.203594 0.179386 0.301176 0.120027 0.195816 
0.188567 0.206933 0.28341 0.102535 0.218556 
0.146544 0.201595 0.246245 0.163139 0.242477 
0.203484 0.187521 0.257385 0.115359 0.236251 
0.183221 0.162431 0.359627 0.0896096 0.205112 
0.138569 0.18746 0.231938 0.0865159 0.355516 
0.254147 0.18545 0.452586 0.042823 0.0649935 
0.177162 0.405774 0.129101 0.105446 0.182517 
0.215952 0.175245 0.308724 0.0892878 0.210791 
0.280233 0.228714 0.249079 0.127318 0.114656 
0.199376 0.160284 0.351035 0.112375 0.17693 
0.19146 0.210552 0.293814 0.107677 0.196497 
0.210709 0.217392 0.265315 0.0928136 0.21377 
0.144424 0.175668 0.36342 0.12939 0.187098 
0.171326 0.173821 0.346206 0.119513 0.189134 
0.105717 0.142842 0.339579 0.121153 0.290709 
0.142711 0.227772 0.23292 0.130071 0.266526 
0.142472 0.183296 0.375438 0.123997 0.174797 
0.155924 0.246952 0.305928 0.104404 0.186792 
0.138838 0.203582 0.307837 0.0876222 0.26212 
0.162979 0.205471 0.360453 0.103432 0.167664 
0.210709 0.217392 0.265315 0.0928136 0.21377 
0.103703 0.178771 0.223479 0.392207 0.10184 
0.158948 0.216208 0.28338 0.114879 0.226586 
0.143872 0.195659 0.255483 0.0883665 0.316619 
0.259926 0.190825 0.211611 0.218065 0.119573 
0.176869 0.213334 0.302597 0.110336 0.196865 
0.306593 0.191494 0.296138 0.102433 0.103341 
0.094517 0.27609 0.166573 0.322785 0.140035 
0.255366 0.201536 0.243727 0.0995522 0.199818 
0.215512 0.282664 0.228041 0.147599 0.126185 
0.135398 0.222467 0.345474 0.108178 0.188483 
0.193834 0.192426 0.311148 0.106702 0.19589 
0.141682 0.184252 0.350295 0.109046 0.214726 
0.149892 0.135805 0.389851 0.101055 0.223397 
0.213693 0.17416 0.358366 0.0816604 0.172121 
0.197 0.168566 0.269079 0.113013 0.252341 
0.160506 0.236821 0.25566 0.126204 0.220809 
0.177299 0.19336 0.167064 0.175231 0.287046 
0.131396 0.249712 0.332137 0.092309 0.194447 
0.172427 0.199974 0.311453 0.130634 0.18551 
0.292589 0.205632 0.261567 0.116445 0.123768 
0.103524 0.22997 0.318405 0.147779 0.200322 
0.151418 0.244994 0.369226 0.0962811 0.138081 
0.161035 0.219529 0.232895 0.172114 0.214428 
0.33347 0.161659 0.170536 0.177436 0.156899 
0.228035 0.211485 0.225715 0.115266 0.219499 
0.329463 0.218108 0.170508 0.130796 0.151125 
0.1789 0.19421 0.343548 0.12236 0.160982 
0.316639 0.137931 0.319757 0.0923163 0.133356 
0.460228 0.124698 0.15875 0.0864356 0.169889 
0.173197 0.223889 0.354247 0.124138 0.12453 
0.217631 0.222149 0.192158 0.152504 0.215559 
0.17229 0.201118 0.273986 0.104076 0.24853 
0.151736 0.192743 0.336514 0.0769123 0.242095 
0.101859 0.272569 0.308367 0.135373 0.181831 
0.163571 0.243064 0.0230025 0.142677 0.427686 
0.197624 0.145674 0.336004 0.151786 0.168912 
0.134758 0.259786 0.322096 0.142689 0.140671 
0.12182 0.333023 0.230638 0.110717 0.203802 
0.288051 0.0655763 0.337453 0.0800633 0.228857 
0.217848 0.178205 0.281851 0.159735 0.162361 
