0.16023 0.0830242 0.111357 0.0669624 0.0777807 0.500645 
0.113217 0.0712397 0.129598 0.464033 0.107364 0.114549 
0.148925 0.101847 0.301363 0.290821 0.080508 0.0765363 
0.020763 0.815738 0.0434363 0.0316428 0.0787243 0.00969525 
0.182112 0.251478 0.112008 0.107495 0.161824 0.185082 
0.0859941 0.147504 0.246967 0.12722 0.344861 0.0474538 
0.159094 0.221071 0.217932 0.124497 0.120065 0.15734 
0.0833432 0.0315882 0.10799 0.304347 0.027741 0.44499 
0.123803 0.374691 0.0350046 0.0167656 0.135496 0.31424 
0.425952 0.154823 0.118618 0.0975838 0.13405 0.0689726 
0.0798066 0.177105 0.109752 0.205361 0.314571 0.113404 
0.0458629 0.104371 0.243664 0.122709 0.0993522 0.384041 
0.0759206 0.0975478 0.550336 0.0782135 0.109281 0.0887012 
0.0521612 0.174823 0.0775487 0.206295 0.0608486 0.428323 
0.0535893 0.0760525 0.17174 0.314608 0.180115 0.203894 
0.177624 0.0611095 0.102948 0.128565 0.410958 0.118795 
0.735457 0.0771909 0.069819 0.0379143 0.0381853 0.0414333 
0.0619508 0.0768208 0.0584042 0.077142 0.545416 0.180266 
0.0576001 0.0779156 0.0777467 0.0890277 0.209343 0.488367 
0.140743 0.259769 0.128453 0.191494 0.100714 0.178828 
0.0507245 0.129431 0.112053 0.498187 0.100521 0.109083 
0.338177 0.167988 0.0740778 0.192393 0.117458 0.109906 
0.0668446 0.540369 0.211448 0.0363925 0.0828345 0.062112 
0.170067 0.161132 0.204939 0.155615 0.208439 0.0998084 
0.0738662 0.110255 0.0905501 0.0873679 0.435542 0.202418 
0.0619798 0.0166994 0.0499001 0.079243 0.0165621 0.775616 
0.310921 0.128626 0.116363 0.127754 0.117597 0.19874 
0.263396 0.261428 0.12723 0.0798213 0.108208 0.159917 
0.0668436 0.534889 0.0908064 0.0663777 0.127626 0.113458 
0.140547 0.0765632 0.111932 0.205962 0.332158 0.132838 
0.0970189 0.110143 0.15058 0.0903529 0.0655082 0.486397 
0.0899201 0.146304 0.323818 0.132267 0.0726131 0.235078 
0.211154 0.104683 0.147222 0.298168 0.125182 0.113592 
0.0843931 0.0573887 0.128422 0.137518 0.453004 0.139275 
0.0457335 0.0513332 0.0844718 0.753565 0.0269435 0.0379528 
0.0311012 0.753284 0.0604348 0.0575055 0.0825888 0.0150853 
0.50777 0.208187 0.0455646 0.108006 0.0583993 0.072074 
0.0438942 0.0129192 0.122156 0.0365626 0.770927 0.0135412 
0.105777 0.096648 0.144769 0.447959 0.130169 0.0746781 
0.484689 0.242809 0.104409 0.051757 0.0395284 0.0768075 
0.167082 0.0989615 0.293604 0.179071 0.093608 0.167673 
0.475592 0.131846 0.147387 0.0704402 0.0674216 0.107313 
0.181115 0.150661 0.084902 0.250508 0.227056 0.105758 
0.160987 0.100809 0.127879 0.133135 0.164367 0.312822 
0.26283 0.138277 0.210093 0.166145 0.0932939 0.129363 
0.0705148 0.172645 0.233433 0.169368 0.172598 0.181441 
0.0631673 0.42783 0.174181 0.100958 0.122372 0.111491 
0.139425 0.148916 0.150591 0.273081 0.111571 0.176416 
0.374533 0.0623226 0.119194 0.0951177 0.0894634 0.259369 
0.17773 0.119298 0.329229 0.0967839 0.137208 0.139751 
0.101913 0.146975 0.163225 0.188798 0.211592 0.187497 
0.363185 0.260715 0.0635394 0.176108 0.0477657 0.0886866 
0.0536636 0.17405 0.214017 0.185289 0.0272448 0.345736 
0.0918591 0.224142 0.0962827 0.298565 0.176796 0.112355 
0.126623 0.0917883 0.159364 0.124628 0.323483 0.174113 
0.0970862 0.10822 0.142324 0.132493 0.362763 0.157114 
0.183517 0.0814763 0.101927 0.46904 0.0790427 0.0849977 
0.287072 0.113861 0.19522 0.0732091 0.19034 0.140297 
0.075756 0.13185 0.126425 0.129628 0.0752681 0.461073 
0.098387 0.0974567 0.0944701 0.0969866 0.546868 0.0658312 
0.0797952 0.100175 0.140343 0.197551 0.346402 0.135733 
0.0875265 0.0796233 0.107894 0.339606 0.139145 0.246206 
0.0963146 0.224462 0.192775 0.140413 0.178755 0.16728 
0.246978 0.297739 0.120389 0.119661 0.115241 0.0999918 
0.0723575 0.240585 0.151152 0.174418 0.143243 0.218244 
0.078332 0.144373 0.541316 0.161355 0.035915 0.0387085 
0.213218 0.197534 0.125139 0.152064 0.186605 0.125439 
0.17949 0.134994 0.147021 0.218139 0.0934164 0.226939 
0.11109 0.0659529 0.181442 0.352662 0.104549 0.184304 
0.0832511 0.0984846 0.057712 0.141925 0.437835 0.180792 
0.202142 0.114347 0.336865 0.144036 0.120224 0.0823864 
0.258539 0.164412 0.126723 0.250474 0.0841069 0.115745 
0.173642 0.320225 0.121985 0.123466 0.102025 0.158657 
0.213652 0.146435 0.0913393 0.117046 0.346322 0.0852067 
0.431157 0.155091 0.0899422 0.169923 0.0787425 0.0751442 
0.188727 0.100498 0.0878925 0.130132 0.0962631 0.396488 
0.102568 0.0946995 0.109066 0.143753 0.464159 0.0857548 
0.0918631 0.149439 0.309442 0.168413 0.152292 0.128551 
0.117468 0.420493 0.122688 0.137419 0.101288 0.100644 
0.0241463 0.735232 0.118663 0.041258 0.0485724 0.0321287 
0.106914 0.125806 0.122125 0.0783574 0.0967534 0.470044 
0.0794381 0.146027 0.0649911 0.342663 0.157683 0.209197 
0.0564467 0.572235 0.129823 0.0799713 0.0842606 0.0772627 
0.126023 0.0776164 0.0898576 0.041179 0.612479 0.0528456 
0.129738 0.130114 0.259641 0.252042 0.0792999 0.149165 
0.487409 0.131861 0.0978384 0.0927428 0.085361 0.104788 
0.316526 0.130149 0.0899182 0.145885 0.201163 0.116359 
0.0812408 0.161835 0.332553 0.157391 0.174791 0.0921896 
0.193894 0.206803 0.176959 0.206125 0.0999522 0.116266 
0.133857 0.142669 0.183603 0.158522 0.252917 0.128432 
0.0398834 0.0366261 0.543969 0.100585 0.100574 0.178362 
0.140583 0.181286 0.125406 0.33765 0.106729 0.108345 
0.0127894 0.0445805 0.86772 0.043177 0.0229114 0.00882133 
0.0836959 0.179459 0.401177 0.0964515 0.139531 0.0996857 
0.057781 0.0891633 0.144997 0.5072 0.0649236 0.135935 
0.207159 0.212034 0.164377 0.151453 0.168928 0.0960502 
0.364643 0.0859464 0.179099 0.0848944 0.173416 0.112001 
0.654641 0.0108472 0.0607686 0.031422 0.0549529 0.187368 
0.0993682 0.150126 0.11184 0.313162 0.196841 0.128662 
0.358642 0.162351 0.104979 0.127023 0.176333 0.0706712 
0.135575 0.170994 0.244677 0.154234 0.15725 0.137271 
0.111284 0.202896 0.217752 0.0975206 0.216131 0.154415 
0.069852 0.623385 0.0261376 0.0581706 0.110287 0.112167 
0.143909 0.116934 0.154015 0.354122 0.109244 0.121776 
0.273698 0.151752 0.0517275 0.0936183 0.14433 0.284874 
0.140447 0.0887298 0.107062 0.0954386 0.111082 0.457241 
0.0627967 0.147303 0.167643 0.34556 0.196605 0.0800918 
0.0638296 0.78629 0.0391129 0.0304588 0.0444665 0.0358426 
0.0933836 0.412427 0.099467 0.199854 0.0874308 0.107438 
0.11441 0.190989 0.167563 0.228517 0.157892 0.140629 
0.216076 0.202084 0.215419 0.156061 0.126067 0.0842925 
0.163464 0.192209 0.179046 0.190118 0.122979 0.152184 
0.324632 0.0769176 0.0852402 0.125796 0.0494238 0.33799 
0.140023 0.0492912 0.220581 0.440065 0.0553697 0.09467 
0.0841113 0.357405 0.142455 0.143792 0.148975 0.123262 
0.242883 0.068428 0.194599 0.355763 0.0595954 0.0787314 
0.0930913 0.0535099 0.595559 0.0635728 0.0680594 0.126207 
0.0770948 0.237878 0.110638 0.343861 0.0914224 0.139107 
0.192734 0.141363 0.18677 0.258215 0.105489 0.115428 
0.147401 0.303252 0.14694 0.18898 0.122353 0.0910749 
0.0908476 0.217794 0.178653 0.182559 0.163957 0.166189 
0.0489193 0.444564 0.180891 0.0402957 0.101894 0.183436 
0.306442 0.0491095 0.208748 0.0616112 0.025362 0.348726 
0.0720876 0.131272 0.104564 0.466032 0.0770579 0.148986 
0.124062 0.139328 0.154758 0.0950737 0.0893339 0.397444 
0.0707154 0.478005 0.109587 0.0908732 0.0971963 0.153623 
0.184303 0.160769 0.180762 0.187018 0.0856206 0.201527 
0.18128 0.130303 0.278009 0.129242 0.137199 0.143966 
0.271676 0.084981 0.0997047 0.150168 0.26544 0.12803 
0.0327581 0.329416 0.0973032 0.0799793 0.358917 0.101627 
0.0848219 0.150917 0.156271 0.277173 0.0635645 0.267252 
0.148661 0.108899 0.341529 0.222498 0.0732076 0.105206 
0.0939753 0.164487 0.17878 0.126591 0.141548 0.294619 
0.159741 0.142812 0.169616 0.117879 0.285361 0.12459 
0.24487 0.115588 0.190607 0.16086 0.124128 0.163947 
0.108322 0.186172 0.267833 0.148859 0.193959 0.0948551 
0.0865998 0.111946 0.130732 0.0978467 0.489048 0.0838274 
0.0550922 0.0871636 0.55342 0.102802 0.0443581 0.157164 
0.075132 0.162114 0.218272 0.0678586 0.106098 0.370525 
0.280334 0.132587 0.262986 0.104826 0.125399 0.0938672 
0.0647472 0.0875623 0.0926711 0.571801 0.0627006 0.120518 
0.448672 0.126179 0.10713 0.0947413 0.148131 0.0751466 
0.0895132 0.0753429 0.155475 0.17763 0.141805 0.360234 
0.131867 0.0999612 0.164033 0.169878 0.0722454 0.362016 
0.0701021 0.15464 0.221114 0.108825 0.212081 0.233237 
0.200557 0.143952 0.217608 0.04632 0.0810986 0.310465 
0.591313 0.0424881 0.0517578 0.205193 0.055609 0.0536393 
0.0660168 0.246931 0.262684 0.0930803 0.186583 0.144705 
0.209091 0.143983 0.219666 0.148077 0.173523 0.10566 
0.3155 0.118635 0.166645 0.134793 0.123275 0.141153 
0.23695 0.0789848 0.199605 0.269724 0.143017 0.0717196 
0.116082 0.189066 0.0629122 0.19428 0.269546 0.168113 
0.173965 0.0777853 0.100574 0.3865 0.168148 0.0930276 
0.0598961 0.189807 0.301148 0.124276 0.107852 0.21702 
0.139249 0.122229 0.204399 0.173045 0.166121 0.194956 
0.1623 0.140431 0.146488 0.130862 0.303681 0.116237 
0.511911 0.0609438 0.124947 0.0956818 0.105138 0.101379 
0.0628298 0.163106 0.100502 0.417931 0.182564 0.0730676 
0.0731343 0.116572 0.112587 0.144359 0.090099 0.463248 
0.102042 0.0934653 0.148025 0.291787 0.0740174 0.290663 
0.0822971 0.0582306 0.422457 0.364962 0.0308132 0.0412405 
0.0536379 0.356531 0.0886387 0.130402 0.124669 0.246122 
0.151203 0.140234 0.238851 0.150338 0.201031 0.118343 
0.124517 0.177885 0.170645 0.301316 0.0975999 0.128037 
0.208369 0.218563 0.127565 0.23734 0.0585822 0.14958 
0.125471 0.0278646 0.160804 0.0706192 0.571047 0.0441943 
0.345161 0.120732 0.115653 0.155161 0.0794925 0.1838 
0.258686 0.175252 0.148133 0.0767821 0.211368 0.12978 
0.123117 0.0533297 0.456935 0.154116 0.0904023 0.1221 
0.424487 0.149889 0.0689455 0.1524 0.10476 0.0995179 
0.0842921 0.157745 0.186245 0.181394 0.0971477 0.293175 
0.0912939 0.460411 0.0820358 0.161196 0.11083 0.0942338 
0.108189 0.254341 0.302124 0.106538 0.145104 0.0837041 
0.143216 0.15381 0.0812657 0.109444 0.450891 0.0613734 
0.0915446 0.510419 0.0892988 0.0428616 0.0661729 0.199703 
0.175453 0.0837074 0.100163 0.383781 0.165586 0.0913097 
0.0914665 0.0827571 0.0989964 0.384241 0.237039 0.105499 
0.413002 0.0669897 0.15484 0.191381 0.0859794 0.0878077 
0.0778484 0.0766891 0.385749 0.226922 0.115838 0.116954 
0.045844 0.0787391 0.573272 0.0419112 0.0909343 0.169299 
0.113724 0.4287 0.0878532 0.162281 0.100398 0.107044 
0.106239 0.103616 0.158783 0.427341 0.0878246 0.116197 
0.185423 0.145287 0.24331 0.128949 0.15038 0.146652 
0.134599 0.226316 0.136567 0.175125 0.152577 0.174816 
0.102814 0.0897175 0.423442 0.137695 0.121342 0.12499 
0.0821047 0.225829 0.176831 0.193419 0.203998 0.117819 
0.083218 0.240178 0.214035 0.287136 0.0831706 0.0922627 
0.0837005 0.314173 0.0276903 0.551959 0.0121237 0.0103535 
0.0722648 0.0626745 0.341784 0.104735 0.258229 0.160313 
0.333034 0.10096 0.105272 0.103282 0.151796 0.205656 
0.21604 0.151496 0.159773 0.22303 0.128195 0.121466 
0.0939142 0.0990585 0.155998 0.230747 0.316958 0.103324 
0.115068 0.140634 0.121379 0.297144 0.161717 0.164058 
0.110388 0.14369 0.141107 0.329237 0.163435 0.112143 
0.0773806 0.179975 0.330963 0.100479 0.242198 0.0690038 
0.262659 0.248268 0.0365409 0.0598892 0.36706 0.0255827 
0.407403 0.169916 0.0511097 0.114052 0.180803 0.0767165 
0.161596 0.0862693 0.0699469 0.602929 0.0322676 0.0469917 
0.131679 0.146023 0.165991 0.122012 0.0756202 0.358675 
0.496982 0.111046 0.0770628 0.130519 0.0892548 0.0951365 
0.0515708 0.0574131 0.171198 0.204389 0.0950588 0.42037 
0.0851881 0.127004 0.263228 0.289291 0.164094 0.0711951 
0.0727909 0.0942291 0.164923 0.458765 0.124771 0.0845215 
0.144461 0.191676 0.16932 0.128496 0.089295 0.276752 
0.074096 0.0543519 0.451839 0.0971847 0.0811304 0.241398 
0.664035 0.0389844 0.0911226 0.0911122 0.0679729 0.0467724 
0.0488521 0.0567322 0.0336114 0.698624 0.100114 0.0620667 
0.134315 0.0473911 0.104857 0.0405742 0.0569037 0.615959 
0.0582814 0.258116 0.0405615 0.0455264 0.127552 0.469962 
0.122338 0.128847 0.159319 0.208441 0.239873 0.141184 
0.110315 0.412228 0.166736 0.097836 0.109263 0.103622 
0.0426651 0.425713 0.097462 0.0865247 0.245364 0.102271 
0.0432669 0.106722 0.182008 0.116655 0.154202 0.397145 
0.0797732 0.516765 0.170598 0.0838301 0.0720205 0.0770131 
0.179983 0.316474 0.145568 0.0695482 0.0812049 0.207221 
0.0679096 0.155428 0.0525126 0.454466 0.14524 0.124444 
0.474737 0.0370574 0.0613033 0.203063 0.0680918 0.155747 
0.118727 0.231007 0.109881 0.245417 0.144285 0.150682 
0.093155 0.158361 0.132264 0.259863 0.22747 0.128887 
0.354541 0.150661 0.0965547 0.12728 0.212438 0.058525 
0.153036 0.169107 0.173963 0.160999 0.178774 0.164122 
0.538272 0.179216 0.0538729 0.0733338 0.0716492 0.0836559 
0.0512229 0.114868 0.0889574 0.117303 0.198156 0.429492 
0.214004 0.0794839 0.127923 0.238243 0.257433 0.0829135 
0.173495 0.0788038 0.105855 0.385734 0.166977 0.0891351 
0.148988 0.245117 0.071789 0.165656 0.259657 0.108792 
0.0819224 0.124168 0.123698 0.431367 0.119805 0.11904 
0.680665 0.0815665 0.0523798 0.0912277 0.033579 0.0605818 
0.213755 0.0932712 0.281431 0.180728 0.133026 0.0977892 
0.0391911 0.199912 0.137212 0.092028 0.13815 0.393507 
0.0782175 0.20381 0.338749 0.217632 0.0746674 0.0869232 
0.135443 0.137935 0.184985 0.184278 0.111869 0.24549 
0.0289979 0.0493724 0.753928 0.0693233 0.0555548 0.0428235 
0.0107661 0.0142296 0.0218386 0.031279 0.050821 0.871066 
0.0407682 0.109546 0.257595 0.0887871 0.348247 0.155056 
0.0237858 0.603322 0.158268 0.119399 0.0236301 0.0715957 
0.202155 0.217148 0.159068 0.125287 0.161807 0.134534 
0.0529367 0.0934824 0.356419 0.146862 0.244429 0.105872 
0.0908514 0.10337 0.187518 0.477523 0.0374817 0.103256 
0.213649 0.101381 0.0405291 0.23291 0.0438635 0.367667 
0.074684 0.0868747 0.0868535 0.195317 0.0651226 0.491148 
0.0669992 0.28178 0.329604 0.106859 0.172721 0.0420371 
0.083598 0.0943274 0.460624 0.185133 0.078857 0.0974603 
0.164691 0.345569 0.12012 0.144906 0.0856475 0.139066 
0.116719 0.128833 0.054913 0.478068 0.179165 0.0423019 
0.00480529 0.00563968 0.0285791 0.0364965 0.173019 0.751461 
0.23173 0.055231 0.172714 0.0221862 0.0253124 0.492826 
0.413997 0.180424 0.0660429 0.0748788 0.102022 0.162636 
0.058696 0.0641252 0.641405 0.0949771 0.0515668 0.0892304 
0.122209 0.249133 0.0967854 0.0989165 0.0797281 0.353229 
0.439978 0.170857 0.0353055 0.202061 0.10171 0.050089 
0.558663 0.112169 0.0394213 0.0922216 0.0429091 0.154615 
0.123868 0.382972 0.0977772 0.0734177 0.18772 0.134246 
0.0850437 0.0921616 0.229695 0.0803991 0.0507711 0.46193 
0.0434741 0.132873 0.186796 0.0642763 0.0772361 0.495344 
0.103312 0.228498 0.128481 0.11674 0.151895 0.271074 
0.0893853 0.131352 0.0917888 0.128169 0.396322 0.162982 
0.0867857 0.0833512 0.106299 0.544247 0.112953 0.066364 
0.082798 0.146625 0.135619 0.353239 0.167903 0.113817 
0.218987 0.234982 0.083033 0.121614 0.219226 0.122158 
0.153225 0.20213 0.152202 0.205415 0.105362 0.181666 
0.0887163 0.20545 0.209465 0.122482 0.309056 0.0648304 
0.143226 0.273159 0.122135 0.18013 0.136141 0.14521 
0.0176607 0.295819 0.0990755 0.0721497 0.475416 0.0398785 
0.0355452 0.126509 0.282761 0.216278 0.288449 0.0504583 
0.144243 0.122397 0.0813059 0.0802031 0.0487238 0.523127 
0.0912058 0.157112 0.2052 0.0826706 0.351423 0.112389 
0.129898 0.0719721 0.0975854 0.121347 0.48134 0.097857 
0.0986016 0.102971 0.263004 0.257807 0.211008 0.0666076 
0.115325 0.121074 0.0644157 0.343083 0.142346 0.213755 
0.252465 0.1091 0.253763 0.168987 0.103844 0.111842 
0.0505893 0.21853 0.0555525 0.167062 0.100243 0.408023 
0.0456199 0.0407595 0.609486 0.101378 0.12235 0.0804074 
0.0640799 0.398575 0.116431 0.130182 0.131161 0.159571 
0.0269622 0.00965984 0.00918749 0.00984813 0.924943 0.0193997 
0.0750421 0.090201 0.33052 0.223836 0.0947353 0.185666 
0.143751 0.266063 0.167671 0.125681 0.163202 0.133632 
0.219363 0.140684 0.263135 0.151242 0.0973294 0.128247 
0.129777 0.0813471 0.151869 0.10423 0.0796443 0.453133 
0.104143 0.0932161 0.0966145 0.353984 0.167211 0.184831 
0.238582 0.206143 0.0862308 0.343049 0.0874751 0.0385198 
0.193446 0.0925812 0.127861 0.166254 0.318664 0.101194 
0.0400931 0.0621544 0.115108 0.239069 0.456336 0.0872398 
0.0771892 0.297134 0.0947148 0.349269 0.0621735 0.11952 
0.0554422 0.590579 0.0877726 0.118111 0.10149 0.0466055 
0.0468743 0.146997 0.202768 0.469419 0.0945883 0.039354 
0.0866972 0.0945896 0.154064 0.12488 0.452868 0.0869006 
0.119352 0.12961 0.261516 0.15447 0.152712 0.182338 
0.195718 0.0876069 0.244907 0.145777 0.228584 0.0974074 
0.126762 0.173186 0.153498 0.362795 0.0897793 0.0939801 
0.0876609 0.565827 0.123363 0.0837837 0.0507099 0.0886551 
0.159457 0.177696 0.19269 0.126483 0.203738 0.139936 
0.147662 0.081444 0.163006 0.329543 0.144038 0.134308 
0.0410752 0.301961 0.121257 0.117362 0.050195 0.36815 
0.0538513 0.0899782 0.511601 0.19783 0.0897266 0.0570126 
0.187875 0.143538 0.111593 0.159803 0.0520581 0.345133 
0.744668 0.0605348 0.041382 0.0227642 0.0568135 0.0738374 
0.0368897 0.0752595 0.0414766 0.0621794 0.0341702 0.750025 
0.08136 0.140256 0.242855 0.240724 0.157045 0.13776 
0.101504 0.403144 0.162093 0.118429 0.121549 0.0932808 
0.0396623 0.230628 0.310997 0.330008 0.0345601 0.0541447 
0.0693577 0.16054 0.113288 0.310365 0.294549 0.0519006 
0.118025 0.155952 0.159928 0.0587828 0.16042 0.346892 
0.437186 0.0893665 0.155865 0.100499 0.137562 0.0795221 
0.0987346 0.272746 0.114974 0.141081 0.0974079 0.275056 
0.101244 0.0890729 0.127912 0.137483 0.441182 0.103106 
0.168814 0.0555878 0.41508 0.204684 0.0637956 0.0920393 
0.161055 0.21726 0.247169 0.112309 0.154754 0.107453 
0.160003 0.0885459 0.138387 0.0931087 0.0721873 0.447769 
0.254893 0.201466 0.15354 0.166782 0.104195 0.119124 
0.0946005 0.326554 0.188494 0.120961 0.159154 0.110237 
0.0651456 0.715328 0.0617359 0.0578173 0.0647963 0.0351772 
0.216849 0.175438 0.158707 0.169434 0.197244 0.0823275 
0.140992 0.104762 0.0478552 0.432365 0.178995 0.0950311 
0.571771 0.09105 0.0518282 0.172175 0.0466488 0.0665271 
0.080261 0.145892 0.440563 0.0811834 0.151217 0.100883 
0.0930504 0.222059 0.119225 0.145259 0.288275 0.132132 
0.201588 0.183515 0.130784 0.185469 0.212453 0.0861911 
0.0829709 0.150744 0.141371 0.144425 0.323848 0.156642 
0.0890023 0.0587956 0.334139 0.282845 0.0833784 0.15184 
0.122553 0.215918 0.0950192 0.0910369 0.0883324 0.387141 
0.0995856 0.0994169 0.163815 0.0969527 0.0419525 0.498277 
0.234543 0.187396 0.0781221 0.193338 0.0805666 0.226034 
0.109494 0.323439 0.114433 0.154611 0.167332 0.13069 
0.0989819 0.120944 0.129228 0.17939 0.35787 0.113585 
0.108792 0.0891911 0.487912 0.138747 0.0746712 0.100687 
0.154663 0.255301 0.120937 0.19736 0.126291 0.145448 
0.151749 0.228532 0.179154 0.190925 0.105512 0.144128 
0.135388 0.118513 0.22024 0.219253 0.163496 0.14311 
0.564808 0.123214 0.0586391 0.0607297 0.124477 0.0681317 
0.0720552 0.0341847 0.243696 0.101397 0.302325 0.246342 
0.12487 0.164422 0.193842 0.202144 0.0720431 0.242678 
0.0670377 0.0949473 0.353418 0.118913 0.147157 0.218528 
0.0826637 0.458731 0.13927 0.0809195 0.0678175 0.170599 
0.145052 0.154599 0.199941 0.167598 0.241317 0.0914927 
0.188904 0.249949 0.111252 0.0998024 0.167172 0.182921 
0.0938853 0.0847209 0.119478 0.240872 0.373009 0.0880347 
0.371184 0.137611 0.0952194 0.0959317 0.184853 0.115201 
0.255627 0.124435 0.104568 0.0753444 0.313497 0.126529 
0.120653 0.135426 0.104245 0.210252 0.127602 0.301823 
0.0699896 0.123934 0.183567 0.312664 0.158831 0.151015 
0.191856 0.357668 0.113012 0.138363 0.0750608 0.124041 
0.148992 0.13632 0.206576 0.207387 0.125818 0.174908 
0.0436302 0.0328428 0.181553 0.624053 0.080806 0.037115 
0.153209 0.0889845 0.326087 0.24113 0.0964375 0.0941531 
0.156262 0.288172 0.16122 0.140751 0.0974753 0.156119 
0.134274 0.15138 0.160326 0.300686 0.147302 0.106032 
0.120706 0.0840629 0.277107 0.125363 0.302526 0.0902355 
0.100145 0.0724042 0.0789265 0.109542 0.0574288 0.581554 
0.241253 0.111488 0.188034 0.223011 0.111246 0.124968 
0.144089 0.163636 0.164509 0.220267 0.154375 0.153124 
0.417232 0.308279 0.120436 0.0696664 0.0397986 0.0445881 
0.177244 0.318273 0.127786 0.151024 0.146031 0.0796421 
0.343722 0.137298 0.138803 0.0909933 0.131344 0.15784 
0.227163 0.217258 0.107071 0.134292 0.241111 0.0731048 
0.102233 0.124195 0.14729 0.206806 0.330025 0.0894513 
0.0738747 0.168101 0.228192 0.181647 0.261566 0.0866192 
0.187318 0.232725 0.11813 0.18131 0.0801178 0.200399 
0.264931 0.13411 0.186179 0.187418 0.109424 0.117938 
0.0904315 0.0965871 0.167836 0.0768928 0.51256 0.055693 
0.224609 0.109945 0.105307 0.0988627 0.289285 0.171992 
0.184997 0.106346 0.227718 0.166739 0.194939 0.11926 
0.068742 0.248977 0.0862679 0.0631253 0.098476 0.434412 
0.0379994 0.0563162 0.0693497 0.0564599 0.0476366 0.732238 
0.320215 0.0980524 0.0766582 0.151212 0.144249 0.209613 
0.132542 0.271238 0.13474 0.214245 0.116919 0.130315 
0.0676467 0.114278 0.136628 0.410431 0.138621 0.132395 
0.150451 0.158258 0.125617 0.260564 0.14309 0.162021 
0.250102 0.112735 0.12759 0.192312 0.183936 0.133324 
0.0576867 0.104519 0.168209 0.0827514 0.129439 0.457395 
0.251913 0.0341659 0.0180601 0.557085 0.0834212 0.0553547 
0.157928 0.107271 0.168124 0.188267 0.10668 0.27173 
0.0870352 0.162709 0.158277 0.107978 0.114255 0.369746 
0.181751 0.190253 0.22553 0.107405 0.133907 0.161155 
0.176987 0.143492 0.159129 0.22992 0.147243 0.143229 
0.163095 0.221753 0.176964 0.110651 0.070928 0.256609 
0.260243 0.108619 0.17853 0.060393 0.248688 0.143527 
0.103257 0.0407139 0.0701258 0.408139 0.125944 0.25182 
0.0600994 0.354762 0.270584 0.15769 0.0517891 0.105075 
0.068117 0.145744 0.148166 0.0815155 0.138539 0.417919 
0.0404 0.0553185 0.540916 0.21179 0.0667383 0.0848376 
0.0614531 0.100461 0.10236 0.334336 0.338907 0.0624824 
0.0526148 0.454925 0.12934 0.22894 0.073439 0.0607417 
0.0955277 0.140426 0.100279 0.0616099 0.0562211 0.545937 
0.0261782 0.163149 0.144497 0.0987126 0.226617 0.340846 
0.205037 0.120347 0.129537 0.297218 0.132554 0.115307 
0.0576776 0.42049 0.0718958 0.211669 0.157565 0.0807024 
0.145803 0.237407 0.116011 0.162029 0.186462 0.152288 
0.112362 0.210827 0.275752 0.181298 0.143093 0.0766675 
0.366296 0.108442 0.114518 0.172241 0.149782 0.0887203 
0.204499 0.102008 0.0726891 0.104206 0.414377 0.102222 
0.31007 0.181228 0.167481 0.120611 0.133204 0.0874068 
0.552574 0.0870583 0.0801761 0.0562774 0.120708 0.103206 
0.0476452 0.0977478 0.187648 0.119867 0.428635 0.118457 
0.247418 0.162667 0.110061 0.122929 0.155755 0.20117 
0.12865 0.0518385 0.136247 0.0634935 0.0412097 0.578562 
0.0662034 0.1246 0.109371 0.107276 0.172174 0.420375 
0.347425 0.277203 0.0817957 0.204153 0.0480365 0.0413868 
0.0813975 0.0710901 0.0928966 0.0985134 0.0794656 0.576637 
0.197227 0.096324 0.122511 0.146793 0.272986 0.164159 
0.130417 0.226496 0.136338 0.32324 0.0623233 0.121185 
0.105464 0.544833 0.0589074 0.0463966 0.173835 0.070564 
0.0659557 0.0973289 0.0327777 0.148419 0.0823946 0.573124 
0.0308159 0.717165 0.0627116 0.0404017 0.0249017 0.124004 
0.0581589 0.504332 0.0936689 0.179911 0.0857037 0.0782249 
0.135974 0.186188 0.113051 0.384524 0.0439064 0.136357 
0.116212 0.450735 0.0617571 0.0995157 0.130674 0.141106 
0.0850375 0.338834 0.0644995 0.117362 0.257523 0.136744 
0.239779 0.0501335 0.141413 0.305594 0.0892532 0.173828 
0.103307 0.354122 0.207383 0.131816 0.106575 0.096797 
0.0390518 0.115021 0.533874 0.10632 0.111649 0.0940842 
0.0766448 0.0455717 0.161797 0.406521 0.0420332 0.267432 
0.0804175 0.151012 0.0957766 0.440626 0.116003 0.116166 
0.133203 0.173765 0.192726 0.147653 0.195581 0.157073 
0.0570767 0.730755 0.0553927 0.076448 0.0461535 0.0341739 
0.1303 0.150504 0.34392 0.147816 0.0855426 0.141917 
0.290895 0.227111 0.0772261 0.163832 0.147959 0.0929772 
0.173438 0.09211 0.177192 0.108251 0.119174 0.329835 
0.0659917 0.315444 0.284769 0.0744318 0.193635 0.0657275 
0.195289 0.37574 0.103796 0.14405 0.087901 0.0932233 
0.0897924 0.144546 0.258329 0.1976 0.171477 0.138256 
0.152541 0.0839718 0.169231 0.38459 0.122929 0.0867371 
0.314002 0.126691 0.148576 0.205191 0.0885779 0.116961 
0.107069 0.254516 0.136325 0.153327 0.125343 0.223421 
0.20123 0.124955 0.230894 0.109961 0.141388 0.191572 
0.104908 0.110315 0.0979099 0.0898591 0.142378 0.45463 
0.0422961 0.043063 0.0844084 0.257101 0.514372 0.0587594 
0.11431 0.159678 0.100808 0.320191 0.133776 0.171236 
0.229638 0.111031 0.0918229 0.307337 0.141131 0.11904 
0.114388 0.0737837 0.177631 0.298247 0.173458 0.162491 
0.214561 0.0759604 0.534908 0.0680442 0.0652004 0.0413263 
0.198035 0.0922856 0.16649 0.146025 0.0883875 0.308777 
0.114644 0.202809 0.289645 0.249914 0.0726937 0.070294 
0.0665526 0.155096 0.0963398 0.447371 0.0928443 0.141796 
0.072885 0.356817 0.152731 0.129057 0.170588 0.117922 
0.100597 0.107251 0.310118 0.232482 0.139254 0.110298 
0.0614757 0.559516 0.0770839 0.13031 0.0829266 0.0886881 
0.315771 0.21048 0.0976773 0.102673 0.074512 0.198886 
0.111691 0.0623135 0.126452 0.120287 0.490869 0.0883878 
0.145295 0.33854 0.159581 0.100461 0.125491 0.130632 
0.0967007 0.0752244 0.182232 0.19057 0.386224 0.0690489 
0.0619348 0.18697 0.159605 0.335052 0.150982 0.105457 
0.0420965 0.725446 0.0586834 0.0784095 0.056289 0.0390755 
0.0965373 0.146403 0.255768 0.286826 0.119646 0.09482 
0.397469 0.0931221 0.110154 0.0695771 0.0999906 0.229687 
0.122722 0.180543 0.0833531 0.273369 0.0704105 0.269603 
0.0462173 0.211512 0.195917 0.385366 0.0725231 0.0884643 
0.0766698 0.208991 0.224972 0.177239 0.198149 0.11398 
0.190642 0.104252 0.41023 0.148633 0.0687346 0.0775089 
0.144585 0.146329 0.198197 0.274924 0.140252 0.095714 
0.0885266 0.0780951 0.108413 0.139475 0.0801361 0.505354 
0.0889849 0.407253 0.054289 0.208394 0.106681 0.134397 
0.136973 0.309384 0.112485 0.073624 0.0906263 0.276909 
0.167404 0.0915595 0.246909 0.158164 0.132404 0.203559 
0.0870968 0.0635137 0.225984 0.153175 0.373899 0.0963307 
0.0693069 0.109354 0.0473366 0.196844 0.439369 0.13779 
0.265661 0.185181 0.145462 0.246426 0.0780303 0.0792396 
0.132875 0.101843 0.195574 0.303696 0.13296 0.133051 
0.0419958 0.804762 0.0396574 0.0529126 0.0407608 0.0199118 
0.150165 0.112833 0.125091 0.235965 0.250433 0.125513 
0.332617 0.216219 0.0803615 0.210249 0.0929916 0.0675615 
0.036062 0.271631 0.0387698 0.134179 0.042328 0.47703 
0.185744 0.0713665 0.510616 0.0678932 0.0512551 0.113125 
0.118513 0.35571 0.119901 0.203716 0.0510978 0.151062 
0.0540236 0.148085 0.0995061 0.108261 0.126813 0.463311 
0.112083 0.0967771 0.437726 0.155583 0.0967929 0.101039 
0.0265589 0.0847038 0.0578122 0.498144 0.191058 0.141722 
0.117358 0.0521793 0.0815049 0.618289 0.0579331 0.072735 
0.108323 0.187299 0.108017 0.247951 0.116576 0.231835 
0.152333 0.0925107 0.16706 0.0816018 0.262898 0.243597 
0.0357893 0.0776831 0.0236112 0.0675167 0.752218 0.043182 
0.03621 0.0644983 0.491626 0.0474892 0.0210218 0.339155 
0.124819 0.110612 0.132242 0.202228 0.230995 0.199104 
0.139419 0.258887 0.146071 0.0996192 0.172356 0.183648 
0.0422929 0.105927 0.0969226 0.209807 0.473584 0.0714661 
0.0261905 0.0606595 0.0540066 0.157977 0.0636145 0.637552 
0.0838583 0.215129 0.288126 0.154403 0.144995 0.11349 
0.0919736 0.087866 0.0949705 0.186624 0.0896459 0.44892 
0.176226 0.158374 0.17261 0.193306 0.197627 0.101858 
0.0755851 0.297659 0.0572405 0.110422 0.0603483 0.398745 
0.0890417 0.0802402 0.136315 0.3448 0.117673 0.23193 
0.109441 0.0975405 0.140167 0.138264 0.0698872 0.4447 
0.0522469 0.0243917 0.770752 0.0757157 0.0246669 0.0522268 
0.0609982 0.0714752 0.271606 0.348184 0.150449 0.0972886 
0.0407766 0.0382631 0.673976 0.0275212 0.141846 0.0776173 
0.116192 0.592108 0.0613315 0.0806667 0.0661248 0.0835766 
0.0497373 0.310235 0.0489421 0.357008 0.115457 0.11862 
0.0891274 0.186508 0.119006 0.40452 0.121509 0.07933 
0.386408 0.167315 0.121098 0.111108 0.162521 0.0515501 
0.0532901 0.249896 0.136309 0.182457 0.0772774 0.300771 
0.0906602 0.288871 0.172287 0.182513 0.159726 0.105942 
0.0797383 0.25756 0.138517 0.131209 0.172557 0.220419 
0.316843 0.171083 0.0940277 0.126669 0.149277 0.142101 
0.035588 0.0970404 0.106389 0.110344 0.0449073 0.605732 
0.0823096 0.490171 0.0883807 0.10982 0.127196 0.102122 
0.0421229 0.0646708 0.715853 0.0605172 0.0439849 0.0728507 
0.0619691 0.25172 0.0950524 0.205259 0.111756 0.274243 
0.0620861 0.251051 0.121757 0.193807 0.177733 0.193566 
0.0712826 0.230619 0.15189 0.273047 0.0427294 0.230432 
0.0448504 0.178094 0.169521 0.121021 0.0934405 0.393073 
0.141379 0.119884 0.247507 0.21656 0.0932291 0.181441 
0.135643 0.187114 0.287673 0.157539 0.131523 0.100507 
0.0673397 0.0724429 0.290846 0.0526709 0.310001 0.206699 
0.0633883 0.232825 0.317939 0.244352 0.0960187 0.0454774 
0.13114 0.139606 0.209266 0.165379 0.184674 0.169934 
0.0838832 0.185982 0.287181 0.104784 0.228508 0.109662 
0.122157 0.14175 0.0674449 0.38857 0.109065 0.171012 
0.0835827 0.149202 0.153659 0.109817 0.150174 0.353566 
0.337952 0.185944 0.0901229 0.117162 0.152606 0.116212 
0.0422961 0.043063 0.0844084 0.257101 0.514372 0.0587594 
0.135402 0.196508 0.16469 0.221636 0.135024 0.146741 
0.0711322 0.0940593 0.49147 0.16115 0.0483516 0.133837 
0.0885996 0.117836 0.216665 0.22768 0.124222 0.224997 
0.79707 0.0395814 0.0212144 0.0254516 0.0870862 0.029596 
0.0317734 0.17713 0.502383 0.176783 0.0571319 0.0547985 
0.208978 0.135755 0.165661 0.115441 0.184088 0.190078 
0.107939 0.127451 0.057443 0.236456 0.267478 0.203234 
0.0719154 0.189267 0.107577 0.417859 0.0850936 0.128288 
0.070445 0.38517 0.0890271 0.260054 0.0702265 0.125077 
0.342194 0.0926771 0.0948385 0.145537 0.267942 0.0568109 
0.201992 0.244738 0.0782327 0.315909 0.0567316 0.102396 
0.0167701 0.0168058 0.00813356 0.021047 0.0188576 0.918386 
0.0512537 0.294037 0.0756566 0.183572 0.0765987 0.318882 
0.0730369 0.0491208 0.656884 0.0174465 0.0179041 0.185608 
0.105059 0.136196 0.220863 0.221633 0.146885 0.169363 
0.138937 0.217806 0.197772 0.107064 0.143215 0.195207 
0.281089 0.111099 0.155499 0.112719 0.129501 0.210093 
0.132994 0.131491 0.165481 0.299025 0.136997 0.134012 
0.051333 0.0642893 0.066661 0.534482 0.0486229 0.234611 
0.151409 0.048182 0.0266526 0.0549726 0.604096 0.114688 
0.0725113 0.284011 0.0996396 0.281549 0.174244 0.0880455 
0.126469 0.174421 0.34282 0.141216 0.114902 0.100173 
0.276099 0.177756 0.117301 0.128078 0.122225 0.178542 
0.0804612 0.209441 0.132119 0.315761 0.15615 0.106067 
0.135839 0.104515 0.239488 0.150333 0.276469 0.0933557 
0.315562 0.415943 0.0420571 0.118308 0.0495715 0.058558 
0.1075 0.101396 0.130399 0.0377271 0.0635464 0.559432 
0.0467562 0.109954 0.114528 0.48723 0.106989 0.134543 
0.154694 0.195446 0.114361 0.16075 0.189149 0.1856 
0.213831 0.109618 0.18037 0.132134 0.141016 0.22303 
0.114157 0.0643617 0.0364615 0.513955 0.161816 0.109248 
0.115208 0.0978717 0.237638 0.157013 0.308896 0.0833727 
0.17804 0.117705 0.193705 0.224476 0.144481 0.141593 
0.125423 0.424941 0.0371205 0.0318209 0.125129 0.255565 
0.0489597 0.0951935 0.0544098 0.678103 0.054372 0.068962 
0.122755 0.171554 0.167446 0.203416 0.120048 0.21478 
0.457736 0.0381709 0.0361792 0.202974 0.075162 0.189778 
0.126081 0.15984 0.090658 0.219924 0.098115 0.305383 
0.245692 0.124481 0.153167 0.0756132 0.118265 0.282782 
0.223455 0.124693 0.298997 0.154594 0.0618701 0.13639 
0.066332 0.123773 0.0875973 0.34404 0.300877 0.0773806 
0.0958219 0.103174 0.175871 0.128906 0.195728 0.3005 
0.36031 0.1463 0.197632 0.101588 0.131605 0.0625654 
0.121814 0.353754 0.0858629 0.210719 0.0825793 0.145272 
0.218962 0.0853293 0.0738175 0.205953 0.288665 0.127272 
0.302312 0.0471107 0.142666 0.0494447 0.132828 0.325638 
0.0631731 0.0608637 0.104377 0.180732 0.46175 0.129105 
0.213562 0.12053 0.186013 0.124388 0.179877 0.17563 
0.142585 0.145118 0.247027 0.214713 0.145288 0.105269 
0.065274 0.113308 0.241006 0.166328 0.31984 0.0942437 
0.0740606 0.545933 0.110376 0.0784637 0.0308145 0.160353 
0.104487 0.38861 0.0967563 0.170472 0.133771 0.105904 
0.122075 0.404525 0.102006 0.131851 0.122274 0.11727 
0.172187 0.19882 0.133934 0.195741 0.0816764 0.217641 
0.0309642 0.138403 0.504492 0.0734969 0.155335 0.097308 
0.386077 0.131374 0.133376 0.187394 0.0761771 0.0856018 
0.146086 0.141331 0.0670955 0.230009 0.0820736 0.333405 
0.108134 0.112798 0.0756737 0.397431 0.171153 0.134809 
0.225673 0.113231 0.30012 0.152255 0.132852 0.0758694 
0.118078 0.155345 0.398916 0.185539 0.0751956 0.0669277 
0.0350583 0.197354 0.035881 0.142004 0.23318 0.356523 
0.0918343 0.173311 0.209811 0.110889 0.120403 0.293751 
0.0883255 0.209486 0.300748 0.122481 0.132255 0.146705 
0.10025 0.106998 0.452816 0.127756 0.0997019 0.112478 
0.141786 0.0930814 0.114714 0.123598 0.25541 0.271411 
0.0549825 0.0744835 0.0508544 0.0684627 0.0337608 0.717456 
0.0691712 0.175298 0.108231 0.307799 0.114073 0.225428 
0.0666885 0.0514897 0.0255747 0.0559604 0.118319 0.681968 
0.0843913 0.231035 0.218842 0.19392 0.118074 0.153738 
0.0717799 0.0691303 0.0694277 0.0934647 0.65124 0.0449577 
0.22568 0.297181 0.138228 0.157873 0.114383 0.0666555 
0.0263014 0.106564 0.521427 0.0968133 0.037529 0.211365 
0.0622657 0.144551 0.151943 0.0776834 0.314423 0.249133 
0.0815217 0.1097 0.0864557 0.514204 0.0737729 0.134346 
0.110748 0.117562 0.119922 0.108213 0.414738 0.128816 
0.170495 0.0641106 0.4728 0.164049 0.0712143 0.0573315 
0.0752058 0.152798 0.426678 0.0977055 0.114564 0.133048 
0.204456 0.157808 0.205486 0.156706 0.148029 0.127517 
0.0754607 0.129364 0.0320615 0.0411138 0.146725 0.575276 
0.176772 0.123198 0.0673546 0.545939 0.0505728 0.0361646 
0.117882 0.278232 0.117446 0.179659 0.0611133 0.245667 
0.144462 0.401211 0.132107 0.162299 0.102333 0.0575879 
0.0753855 0.262912 0.241841 0.128633 0.0423811 0.248848 
0.180184 0.144371 0.345109 0.0797135 0.0448291 0.205794 
0.0775636 0.154411 0.154833 0.199274 0.312332 0.101586 
0.12108 0.0619886 0.105096 0.45875 0.0812626 0.171824 
0.105505 0.113386 0.121102 0.154041 0.12316 0.382807 
0.208012 0.202248 0.118805 0.129687 0.205222 0.136026 
0.155671 0.162343 0.387109 0.109796 0.0691568 0.115924 
0.0707576 0.116582 0.0923669 0.116045 0.207499 0.39675 
0.133157 0.147187 0.174681 0.245385 0.198852 0.100739 
0.139287 0.170106 0.17159 0.17652 0.149025 0.193472 
0.0750156 0.105161 0.142399 0.107088 0.483894 0.0864417 
0.0249112 0.158151 0.319098 0.0622442 0.0822632 0.353332 
0.391667 0.0885832 0.0708902 0.0834071 0.194656 0.170797 
0.164957 0.253757 0.188425 0.0948328 0.0720604 0.225967 
0.29038 0.0969111 0.177108 0.127562 0.0446213 0.263418 
0.149001 0.248738 0.195536 0.116649 0.21807 0.0720066 
0.116012 0.124686 0.128109 0.11998 0.116207 0.395006 
0.0504718 0.0865326 0.0968795 0.366151 0.345502 0.0544629 
0.167574 0.150602 0.144066 0.152139 0.259759 0.125859 
0.111489 0.36097 0.0944769 0.194516 0.0949238 0.143624 
0.161503 0.156864 0.250696 0.192395 0.0721646 0.166378 
0.0725548 0.126479 0.366992 0.119458 0.216998 0.0975182 
0.0433765 0.119295 0.149806 0.227954 0.122151 0.337418 
0.118554 0.468164 0.119769 0.11412 0.100602 0.0787909 
0.137517 0.193574 0.0772468 0.222495 0.070591 0.298576 
0.0457065 0.45651 0.0671175 0.180841 0.0883004 0.161525 
0.0965373 0.146403 0.255768 0.286826 0.119646 0.09482 
0.174355 0.185414 0.22644 0.142971 0.0971205 0.173699 
0.263145 0.125252 0.168746 0.121201 0.149811 0.171846 
0.111513 0.238352 0.189793 0.174051 0.131819 0.15447 
0.150861 0.168287 0.19799 0.182845 0.179743 0.120274 
0.227275 0.112659 0.192961 0.0773432 0.232059 0.157703 
0.105791 0.192282 0.173252 0.194513 0.156717 0.177446 
0.0440039 0.0916224 0.356084 0.045254 0.401332 0.0617036 
0.0445088 0.488203 0.0532282 0.200574 0.0694809 0.144006 
0.300107 0.207767 0.126476 0.186866 0.0989939 0.0797908 
0.121814 0.353754 0.0858629 0.210719 0.0825793 0.145272 
0.0739458 0.07239 0.044842 0.598899 0.124287 0.0856363 
0.122509 0.128388 0.366237 0.140329 0.155441 0.0870966 
0.0827068 0.0774745 0.0616874 0.173989 0.199509 0.404633 
0.090469 0.081291 0.0746584 0.451519 0.218399 0.083663 
0.0815217 0.1097 0.0864557 0.514204 0.0737729 0.134346 
0.122599 0.378513 0.106272 0.145485 0.102919 0.144212 
0.780361 0.0723647 0.0272574 0.0525776 0.0194279 0.0480117 
0.158823 0.298506 0.0655649 0.209665 0.0330427 0.234398 
0.0954908 0.085366 0.151117 0.46652 0.0904727 0.111033 
0.0500244 0.117838 0.474067 0.093997 0.178193 0.0858808 
0.367164 0.162225 0.159897 0.0657373 0.147404 0.0975726 
0.0964894 0.249187 0.190525 0.321085 0.0709857 0.0717284 
0.138507 0.145818 0.22649 0.152123 0.163752 0.17331 
0.396387 0.119331 0.0421823 0.167066 0.134065 0.140969 
0.159921 0.295084 0.0920856 0.244933 0.0948977 0.11308 
0.0234454 0.0953415 0.056475 0.430401 0.328433 0.0659043 
0.0915543 0.047974 0.16995 0.0496488 0.0334973 0.607376 
0.0583374 0.209782 0.0517715 0.123002 0.458782 0.0983252 
0.111346 0.081787 0.363233 0.147315 0.11528 0.18104 
0.0973492 0.178456 0.123228 0.075849 0.0600334 0.465085 
0.282533 0.229162 0.146655 0.0965867 0.0673902 0.177673 
0.136785 0.0999059 0.142843 0.0735979 0.456946 0.0899224 
0.225096 0.137831 0.184055 0.189364 0.108103 0.15555 
0.0795648 0.148434 0.221475 0.145476 0.110757 0.294294 
0.146278 0.0641394 0.465591 0.102604 0.0841917 0.137195 
0.0933847 0.145609 0.0363385 0.460778 0.141434 0.122456 
0.154772 0.113055 0.150518 0.316583 0.126859 0.138214 
0.0546841 0.106731 0.0473287 0.654417 0.0704851 0.0663548 
0.0804155 0.18973 0.249284 0.164398 0.108261 0.207911 
0.138494 0.115174 0.0571643 0.540307 0.0488021 0.100059 
0.0649251 0.218933 0.271001 0.264162 0.0666272 0.11435 
0.180195 0.160674 0.208384 0.218306 0.0753861 0.157055 
0.183366 0.105811 0.271735 0.153339 0.147285 0.138464 
0.107296 0.204494 0.201555 0.341885 0.076896 0.0678733 
0.0561215 0.0499756 0.226357 0.163021 0.067731 0.436794 
0.0792765 0.20027 0.320516 0.0696574 0.228855 0.101425 
0.551443 0.0926862 0.0800011 0.103964 0.0998681 0.0720377 
0.44156 0.0842585 0.145143 0.160355 0.0719048 0.0967785 
0.108925 0.15183 0.132323 0.345207 0.0938762 0.167838 
0.129047 0.154214 0.283072 0.111819 0.122385 0.199462 
0.105128 0.178886 0.188463 0.131765 0.122482 0.273277 
0.111979 0.223896 0.213957 0.259104 0.0962701 0.0947946 
0.275365 0.09052 0.293514 0.119394 0.112522 0.108685 
0.0661787 0.0692557 0.173267 0.202853 0.402029 0.0864172 
0.0971394 0.378441 0.14132 0.145138 0.113023 0.124939 
0.0898703 0.148889 0.162699 0.181782 0.105059 0.3117 
0.113681 0.091209 0.140271 0.138772 0.132221 0.383846 
0.0554254 0.153348 0.401977 0.136576 0.120884 0.13179 
0.0726931 0.13827 0.301552 0.200937 0.163814 0.122735 
0.103482 0.271145 0.108346 0.22679 0.202103 0.0881339 
0.382425 0.117162 0.265818 0.0481368 0.0401893 0.146269 
0.0560359 0.081491 0.169288 0.0671137 0.0525668 0.573505 
0.232656 0.0520614 0.0931074 0.370659 0.192933 0.0585829 
0.136911 0.160708 0.193585 0.214304 0.175012 0.119479 
0.0761449 0.323246 0.0810996 0.110988 0.227852 0.18067 
0.147969 0.218914 0.131288 0.11379 0.251841 0.136199 
0.130301 0.0564982 0.29677 0.259986 0.190243 0.0662015 
0.0720077 0.229143 0.2752 0.174335 0.151436 0.0978784 
0.130301 0.0564982 0.29677 0.259986 0.190243 0.0662015 
0.0598738 0.127456 0.057437 0.244942 0.267423 0.242868 
0.140426 0.180372 0.129805 0.277787 0.147725 0.123886 
0.0669657 0.0949462 0.601603 0.0714527 0.0772615 0.0877714 
0.470021 0.0937542 0.0589885 0.216029 0.0400603 0.121147 
0.166567 0.109294 0.153874 0.160005 0.15235 0.25791 
0.108783 0.0724478 0.031045 0.742872 0.0123791 0.0324734 
0.0882799 0.591225 0.0539331 0.0623153 0.135934 0.0683131 
0.0649337 0.344648 0.0902053 0.0958507 0.0502435 0.354119 
0.0604837 0.115477 0.345943 0.252368 0.0864476 0.139281 
0.0531266 0.0628383 0.123755 0.370739 0.21804 0.1715 
0.14338 0.162706 0.190547 0.21077 0.152251 0.140346 
0.133203 0.173765 0.192726 0.147653 0.195581 0.157073 
0.101935 0.167044 0.1455 0.164869 0.122823 0.29783 
0.141816 0.314672 0.167186 0.0862194 0.193111 0.0969959 
0.0651571 0.357557 0.107612 0.154488 0.14366 0.171525 
0.106322 0.0839534 0.106211 0.152605 0.0679565 0.482952 
0.143674 0.106257 0.163385 0.125531 0.336957 0.124196 
0.192681 0.0721919 0.117359 0.153193 0.339951 0.124624 
0.0345767 0.711649 0.0626513 0.0672363 0.0479648 0.0759215 
0.113927 0.206092 0.193996 0.180764 0.133395 0.171825 
0.017415 0.641146 0.0354953 0.118064 0.0329164 0.154962 
0.162916 0.161409 0.0883335 0.18017 0.0794933 0.327679 
